1.00000e-06 inf
1.25485e-06 inf
1.57465e-06 inf
1.97594e-06 inf
2.47951e-06 inf
3.11141e-06 inf
3.90435e-06 inf
4.89938e-06 inf
6.14798e-06 inf
7.71479e-06 inf
9.68089e-06 inf
1.21481e-05 inf
1.52440e-05 inf
1.91289e-05 inf
2.40039e-05 inf
3.01213e-05 inf
3.77976e-05 inf
4.74304e-05 inf
5.95179e-05 inf
7.46860e-05 inf
9.37197e-05 inf
1.17604e-04 inf
1.47575e-04 inf
1.85185e-04 inf
2.32379e-04 inf
2.91601e-04 inf
3.65915e-04 inf
4.59168e-04 inf
5.76187e-04 inf
7.23028e-04 inf
9.07291e-04 inf
1.13851e-03 inf
1.42866e-03 inf
1.79276e-03 inf
2.24964e-03 inf
2.82296e-03 inf
3.54239e-03 inf
4.44516e-03 inf
5.57800e-03 inf
6.99955e-03 inf
8.78339e-03 inf
1.10218e-02 inf
1.38307e-02 inf
1.73555e-02 inf
2.17785e-02 1.79251e-25
2.73287e-02 1.39961e-27
3.42935e-02 7.67048e-29
4.30331e-02 3.51990e-30
5.40001e-02 3.67504e-31
6.77620e-02 8.08060e-32
8.50310e-02 3.02245e-32
1.06701e-01 1.52108e-32
1.33894e-01 5.65867e-33
1.68017e-01 2.86232e-33
2.10835e-01 1.79228e-33
2.64567e-01 1.31968e-33
3.31991e-01 1.02566e-33
4.16599e-01 8.44773e-34
5.22769e-01 7.00214e-34
6.55996e-01 5.75913e-34
8.23176e-01 4.43407e-34
1.03296e+00 3.53830e-34
1.29621e+00 2.64033e-34
1.62655e+00 1.82073e-34
2.04108e+00 1.24347e-34
2.56124e+00 7.85250e-35
3.21397e+00 5.06369e-35
4.03305e+00 3.00411e-35
5.06087e+00 1.56605e-35
6.35063e+00 9.30185e-36
7.96908e+00 5.29144e-36
1.00000e+01 2.88011e-36
