3.00000e-05 inf
3.47395e-05 inf
4.02278e-05 inf
4.65831e-05 4.07783e-21
5.39425e-05 1.17460e-22
6.24646e-05 1.67058e-23
7.23330e-05 4.23299e-24
8.37604e-05 1.39689e-24
9.69932e-05 3.46579e-29
1.12317e-04 1.38542e-30
1.30061e-04 3.11657e-31
1.50608e-04 1.32552e-31
1.74402e-04 8.07347e-32
2.01955e-04 5.97557e-32
2.33860e-04 5.27313e-32
2.70806e-04 5.10688e-32
3.13590e-04 5.20785e-32
3.63132e-04 5.47350e-32
4.20501e-04 6.01852e-32
4.86933e-04 6.53824e-32
5.63860e-04 6.97281e-32
6.52941e-04 7.17795e-32
7.56095e-04 7.03356e-32
8.75546e-04 6.40225e-32
1.01387e-03 5.54871e-32
1.17404e-03 4.72077e-32
1.35952e-03 3.95276e-32
1.57431e-03 3.39488e-32
1.82302e-03 2.94022e-32
2.11103e-03 2.51317e-32
2.44454e-03 2.20326e-32
2.83074e-03 1.88018e-32
3.27795e-03 1.63912e-32
3.79581e-03 1.43165e-32
4.39549e-03 1.23958e-32
5.08990e-03 1.08506e-32
5.89402e-03 9.58527e-33
6.82518e-03 8.71978e-33
7.90345e-03 7.80410e-33
9.15207e-03 7.12779e-33
1.05980e-02 6.42452e-33
1.22723e-02 6.28082e-33
1.42111e-02 5.98827e-33
1.64562e-02 5.98428e-33
1.90560e-02 6.27057e-33
2.20666e-02 6.73717e-33
2.55527e-02 7.60415e-33
2.95896e-02 8.77593e-33
3.42643e-02 6.77722e-33
3.96775e-02 3.13369e-33
4.59459e-02 1.49203e-33
5.32047e-02 6.79905e-34
6.16101e-02 3.57700e-34
7.13435e-02 1.63184e-34
8.26147e-02 9.38595e-35
9.56665e-02 6.19130e-35
1.10780e-01 5.21370e-35
1.28282e-01 3.72138e-35
1.48548e-01 3.14349e-35
1.72016e-01 2.76489e-35
1.99192e-01 2.44791e-35
2.30661e-01 2.22402e-35
2.67102e-01 2.20023e-35
3.09300e-01 2.21978e-35
3.58164e-01 2.26842e-35
4.14749e-01 2.32008e-35
4.80272e-01 2.38529e-35
5.56147e-01 2.45161e-35
6.44010e-01 2.51327e-35
7.45753e-01 2.55964e-35
8.63570e-01 2.53827e-35
1.00000e+00 2.71314e-35
