1.00000e-05 inf
1.24520e-05 inf
1.55052e-05 inf
1.93070e-05 inf
2.40410e-05 inf
2.99358e-05 inf
3.72759e-05 inf
4.64159e-05 4.62794e-28
5.77969e-05 1.31183e-28
7.19686e-05 6.47962e-29
8.96151e-05 5.78139e-20
1.11588e-04 5.67457e-18
1.38950e-04 1.40930e-18
1.73020e-04 3.33334e-19
2.15443e-04 7.06425e-20
2.68270e-04 1.30417e-20
3.34048e-04 2.69306e-21
4.15956e-04 5.93907e-22
5.17947e-04 1.37233e-22
6.44947e-04 3.26548e-23
8.03086e-04 8.11427e-24
1.00000e-03 2.08971e-24
1.24520e-03 5.58949e-25
1.55052e-03 1.55698e-25
1.93070e-03 4.64260e-26
2.40410e-03 1.48902e-26
2.99358e-03 5.15504e-27
3.72759e-03 1.89107e-27
4.64159e-03 7.52149e-28
5.77969e-03 3.12368e-28
7.19686e-03 1.34524e-28
8.96151e-03 5.88498e-29
1.11588e-02 2.61930e-29
1.38950e-02 1.20048e-29
1.73020e-02 5.78890e-30
2.15443e-02 3.14586e-30
2.68270e-02 1.86341e-30
3.34048e-02 1.25199e-30
4.15956e-02 6.18795e-31
5.17947e-02 8.40191e-32
6.44947e-02 2.01397e-32
8.03086e-02 7.32398e-33
1.00000e-01 3.37597e-33
1.24520e-01 1.99095e-33
1.55052e-01 1.31711e-33
1.93070e-01 1.03961e-33
2.40410e-01 8.04240e-34
2.99358e-01 6.82336e-34
3.72759e-01 5.93941e-34
4.64159e-01 5.46220e-34
5.77969e-01 4.43711e-34
7.19686e-01 3.66638e-34
8.96151e-01 2.68511e-34
1.11588e+00 2.97976e-34
1.38950e+00 2.05944e-34
1.73020e+00 1.53571e-34
2.15443e+00 1.04224e-34
2.68270e+00 6.52151e-35
3.34048e+00 4.53713e-35
4.15956e+00 2.57368e-35
5.17947e+00 1.56393e-35
6.44947e+00 7.69326e-36
8.03086e+00 4.06405e-36
1.00000e+01 1.76684e-36
