1.00000e-03 inf
1.21819e-03 inf
1.48398e-03 1.24778e-35
1.80777e-03 6.98847e-38
2.20220e-03 8.48338e-39
2.68270e-03 2.39416e-39
3.26803e-03 1.08751e-39
3.98107e-03 6.70824e-40
4.84969e-03 4.71233e-40
5.90784e-03 3.83793e-40
7.19686e-03 3.31958e-40
8.76712e-03 3.19269e-40
1.06800e-02 3.21753e-40
1.30103e-02 3.40875e-40
1.58489e-02 3.73940e-40
1.93070e-02 4.12829e-40
2.35195e-02 4.65609e-40
2.86512e-02 5.38813e-40
3.49025e-02 6.43398e-40
4.25179e-02 7.55599e-40
5.17947e-02 8.90237e-40
6.30957e-02 1.04821e-39
7.68625e-02 1.24201e-39
9.36329e-02 1.50826e-39
1.14062e-01 1.85228e-39
1.38950e-01 2.22166e-39
1.69267e-01 2.67025e-39
2.06199e-01 3.22717e-39
2.51189e-01 3.97391e-39
3.05995e-01 4.75933e-39
3.72759e-01 5.71234e-39
4.54091e-01 7.03861e-39
5.53168e-01 8.45960e-39
6.73863e-01 1.05087e-38
8.20891e-01 1.25748e-38
1.00000e+00 1.54474e-38
