8.00000e-03 inf
9.06498e-03 inf
1.02717e-02 inf
1.16391e-02 inf
1.31886e-02 inf
1.49443e-02 inf
1.69337e-02 inf
1.91879e-02 inf
2.17423e-02 inf
2.46367e-02 inf
2.79164e-02 inf
3.16327e-02 inf
3.58437e-02 3.98428e-28
4.06154e-02 9.54565e-30
4.60222e-02 1.51598e-30
5.21488e-02 4.39521e-31
5.90910e-02 1.66922e-31
6.69573e-02 7.34611e-32
7.58708e-02 4.08022e-32
8.59710e-02 2.61185e-32
9.74157e-02 1.84969e-32
1.10384e-01 1.44802e-32
1.25079e-01 1.23646e-32
1.41729e-01 1.06669e-32
1.60597e-01 9.70325e-33
1.81976e-01 9.28777e-33
2.06201e-01 9.04113e-33
2.33651e-01 9.09159e-33
2.64755e-01 9.16506e-33
3.00000e-01 9.40445e-33
