1.00000e-01 inf
1.21819e-01 inf
1.48398e-01 3.88508e-38
1.80777e-01 9.31478e-40
2.20220e-01 8.07852e-41
2.68270e-01 2.09806e-41
3.26803e-01 8.35803e-42
3.98107e-01 4.34836e-42
4.84969e-01 2.57236e-42
5.90784e-01 1.61621e-42
7.19686e-01 1.05315e-42
8.76712e-01 6.90710e-43
1.06800e+00 4.54171e-43
1.30103e+00 3.05605e-43
1.58489e+00 2.12269e-43
1.93070e+00 1.51967e-43
2.35195e+00 1.13425e-43
2.86512e+00 8.80518e-44
3.49025e+00 7.07590e-44
4.25179e+00 5.85049e-44
5.17947e+00 4.94316e-44
6.30957e+00 4.24198e-44
7.68625e+00 3.69133e-44
9.36329e+00 3.25269e-44
1.14062e+01 2.90150e-44
1.38950e+01 2.62424e-44
1.69267e+01 2.41341e-44
2.06199e+01 2.25649e-44
2.51189e+01 2.15406e-44
3.05995e+01 2.10119e-44
3.72759e+01 2.09943e-44
4.54091e+01 2.14474e-44
5.53168e+01 2.24747e-44
6.73863e+01 2.41556e-44
8.20891e+01 2.65509e-44
1.00000e+02 2.97775e-44
