1.00000e-05 inf
1.21547e-05 inf
1.47738e-05 inf
1.79571e-05 inf
2.18264e-05 inf
2.65295e-05 inf
3.22459e-05 inf
3.91941e-05 inf
4.76394e-05 inf
5.79044e-05 inf
7.03814e-05 inf
8.55467e-05 inf
1.03980e-04 inf
1.26385e-04 inf
1.53617e-04 inf
1.86718e-04 inf
2.26951e-04 8.88347e+04
2.75853e-04 1.04024e+02
3.35292e-04 1.07399e+00
4.07539e-04 2.20149e-02
4.95354e-04 6.34176e-04
6.02089e-04 2.28800e-05
7.31824e-04 9.38233e-07
8.89513e-04 4.30467e-08
1.08118e-03 2.13601e-09
1.31415e-03 1.14632e-10
1.59731e-03 6.53239e-12
1.94149e-03 4.05486e-13
2.35983e-03 2.64548e-14
2.86832e-03 1.82097e-15
3.48637e-03 1.31466e-16
4.23759e-03 9.80624e-18
5.15068e-03 7.41238e-19
6.26052e-03 5.62060e-20
7.60950e-03 4.23798e-21
9.24915e-03 3.19962e-22
1.12421e-02 2.50362e-23
1.36645e-02 2.13731e-24
1.66088e-02 2.13478e-25
2.01876e-02 8.94992e-26
2.45375e-02 4.65082e-27
2.98247e-02 4.69264e-28
3.62512e-02 7.29938e-29
4.40624e-02 6.11635e-30
5.35567e-02 9.40690e-31
6.50968e-02 2.40294e-31
7.91234e-02 9.44697e-32
9.61725e-02 4.89200e-32
1.16895e-01 3.08804e-32
1.42083e-01 1.61495e-32
1.72698e-01 9.15289e-33
2.09910e-01 6.00210e-33
2.55141e-01 4.62530e-33
3.10117e-01 3.48770e-33
3.76939e-01 2.90970e-33
4.58160e-01 2.42334e-33
5.56881e-01 1.92261e-33
6.76875e-01 1.63169e-33
8.22724e-01 1.35348e-33
1.00000e+00 1.07997e-33
