1.00000e-03 5.01233e-31
1.21819e-03 3.98319e-31
1.48398e-03 3.20176e-31
1.80777e-03 2.64150e-31
2.20220e-03 2.14193e-31
2.68270e-03 1.76469e-31
3.26803e-03 1.45254e-31
3.98107e-03 1.20607e-31
4.84969e-03 1.01209e-31
5.90784e-03 8.60963e-32
7.19686e-03 7.41299e-32
8.76712e-03 6.42273e-32
1.06800e-02 5.81195e-32
1.30103e-02 5.41807e-32
1.58489e-02 5.32621e-32
1.93070e-02 5.66148e-32
2.35195e-02 6.39144e-32
2.86512e-02 7.82240e-32
3.49025e-02 4.43840e-32
4.25179e-02 8.18722e-33
5.17947e-02 1.79429e-33
6.30957e-02 5.28307e-34
7.68625e-02 1.93720e-34
9.36329e-02 7.47631e-35
1.14062e-01 4.46173e-35
1.38950e-01 3.25261e-35
1.69267e-01 2.47606e-35
2.06199e-01 2.06388e-35
2.51189e-01 1.59166e-35
3.05995e-01 1.57603e-35
3.72759e-01 1.58639e-35
4.54091e-01 1.61856e-35
5.53168e-01 1.67058e-35
6.73863e-01 1.71366e-35
8.20891e-01 1.76681e-35
1.00000e+00 1.81763e-35
