1.00000e-03 inf
1.21819e-03 inf
1.48398e-03 1.13603e-35
1.80777e-03 1.74888e-37
2.20220e-03 3.17702e-38
2.68270e-03 1.21379e-38
3.26803e-03 6.75786e-39
3.98107e-03 4.36909e-39
4.84969e-03 3.62391e-39
5.90784e-03 3.11706e-39
7.19686e-03 2.98679e-39
8.76712e-03 3.02109e-39
1.06800e-02 3.12794e-39
1.30103e-02 3.50214e-39
1.58489e-02 3.84346e-39
1.93070e-02 4.37009e-39
2.35195e-02 5.04110e-39
2.86512e-02 5.83084e-39
3.49025e-02 6.70130e-39
4.25179e-02 8.05930e-39
5.17947e-02 9.62294e-39
6.30957e-02 1.14188e-38
7.68625e-02 1.35071e-38
9.36329e-02 1.66375e-38
1.14062e-01 2.04234e-38
1.38950e-01 2.41092e-38
1.69267e-01 2.93090e-38
2.06199e-01 3.40628e-38
2.51189e-01 4.18377e-38
3.05995e-01 5.16525e-38
3.72759e-01 6.17168e-38
4.54091e-01 7.71565e-38
5.53168e-01 9.37979e-38
6.73863e-01 1.16326e-37
8.20891e-01 1.35930e-37
1.00000e+00 1.71281e-37
