3.00000e-05 inf
3.47395e-05 inf
4.02278e-05 inf
4.65831e-05 inf
5.39425e-05 inf
6.24646e-05 inf
7.23330e-05 inf
8.37604e-05 inf
9.69932e-05 inf
1.12317e-04 inf
1.30061e-04 2.97195e-09
1.50608e-04 3.67167e-08
1.74402e-04 1.39352e-08
2.01955e-04 9.84519e-09
2.33860e-04 1.62408e-09
2.70806e-04 1.57202e-10
3.13590e-04 1.96490e-11
3.63132e-04 2.87374e-12
4.20501e-04 4.72358e-13
4.86933e-04 8.37965e-14
5.63860e-04 1.54458e-14
6.52941e-04 2.96454e-15
7.56095e-04 5.78411e-16
8.75546e-04 1.14205e-16
1.01387e-03 2.26097e-17
1.17404e-03 4.40679e-18
1.35952e-03 8.65790e-19
1.57431e-03 1.68581e-19
1.82302e-03 3.30920e-20
2.11103e-03 6.49761e-21
2.44454e-03 1.25576e-21
2.83074e-03 2.43398e-22
3.27795e-03 4.66670e-23
3.79581e-03 8.95588e-24
4.39549e-03 1.70588e-24
5.08990e-03 3.24814e-25
5.89402e-03 6.17522e-26
6.82518e-03 1.17052e-26
7.90345e-03 2.23638e-27
9.15207e-03 4.32299e-28
1.05980e-02 8.56379e-29
1.22723e-02 1.75390e-29
1.42111e-02 3.81111e-30
1.64562e-02 9.03679e-31
1.90560e-02 2.78623e-31
2.20666e-02 7.91616e-32
2.55527e-02 2.64653e-32
2.95896e-02 1.06920e-32
3.42643e-02 2.82848e-33
3.96775e-02 3.26669e-34
4.59459e-02 5.31556e-35
5.32047e-02 1.34680e-35
6.16101e-02 4.88270e-36
7.13435e-02 2.23344e-36
8.26147e-02 1.23345e-36
9.56665e-02 7.18057e-37
1.10780e-01 3.82584e-37
1.28282e-01 1.73283e-37
1.48548e-01 1.05194e-37
1.72016e-01 8.10923e-38
1.99192e-01 6.04571e-38
2.30661e-01 4.91988e-38
2.67102e-01 4.72789e-38
3.09300e-01 4.05138e-38
3.58164e-01 3.48939e-38
4.14749e-01 3.08478e-38
4.80272e-01 3.02242e-38
5.56147e-01 2.58421e-38
6.44010e-01 2.30375e-38
7.45753e-01 2.11736e-38
8.63570e-01 1.51873e-38
1.00000e+00 1.56127e-38
