3.00000e-04 inf
3.78247e-04 inf
4.76901e-04 inf
6.01288e-04 7.73279e-33
7.58117e-04 2.68829e-34
9.55850e-04 4.36683e-35
1.20516e-03 1.26370e-35
1.51949e-03 5.27441e-36
1.91580e-03 2.72510e-36
2.41549e-03 1.57387e-36
3.04550e-03 1.03128e-36
3.83983e-03 7.42346e-37
4.84134e-03 5.77176e-37
6.10406e-03 5.12860e-37
7.69614e-03 4.79783e-37
9.70346e-03 4.77819e-37
1.22343e-02 5.05334e-37
1.54253e-02 5.37654e-37
1.94486e-02 6.06619e-37
2.45212e-02 6.88939e-37
3.09168e-02 8.21839e-37
3.89806e-02 9.81878e-37
4.91476e-02 1.17552e-36
6.19663e-02 1.42385e-36
7.81285e-02 1.73503e-36
9.85061e-02 2.12111e-36
1.24199e-01 2.63789e-36
1.56592e-01 3.30386e-36
1.97435e-01 4.06118e-36
2.48930e-01 5.14365e-36
3.13857e-01 6.46168e-36
3.95718e-01 8.06337e-36
4.98929e-01 1.02374e-35
6.29061e-01 1.25211e-35
7.93134e-01 1.61507e-35
1.00000e+00 1.98759e-35
