# DM Mass [GeV] Xsec [cm^2]
2.848e-05 1.189e-26
2.941e-05 8.101e-27
3.036e-05 5.521e-27
3.135e-05 3.763e-27
3.237e-05 2.564e-27
3.342e-05 1.748e-27
3.451e-05 1.191e-27
3.563e-05 7.770e-28
3.679e-05 4.814e-28
3.799e-05 2.983e-28
3.922e-05 1.848e-28
4.050e-05 1.145e-28
4.181e-05 7.093e-29
4.317e-05 4.395e-29
4.458e-05 3.292e-29
4.603e-05 2.507e-29
4.752e-05 1.910e-29
4.907e-05 1.455e-29
5.067e-05 1.108e-29
5.231e-05 8.443e-30
5.401e-05 6.789e-30
5.577e-05 5.972e-30
5.759e-05 5.253e-30
5.946e-05 4.620e-30
6.139e-05 4.064e-30
6.339e-05 3.574e-30
6.545e-05 3.144e-30
6.758e-05 2.911e-30
6.978e-05 2.722e-30
7.204e-05 2.546e-30
7.439e-05 2.381e-30
7.681e-05 2.226e-30
7.930e-05 2.082e-30
8.188e-05 1.967e-30
8.455e-05 1.905e-30
8.730e-05 1.845e-30
9.013e-05 1.786e-30
9.306e-05 1.729e-30
9.609e-05 1.675e-30
9.922e-05 1.622e-30
1.024e-04 1.596e-30
1.058e-04 1.579e-30
1.092e-04 1.563e-30
1.128e-04 1.547e-30
1.164e-04 1.530e-30
1.202e-04 1.515e-30
1.241e-04 1.512e-30
1.282e-04 1.520e-30
1.323e-04 1.527e-30
1.366e-04 1.534e-30
1.411e-04 1.542e-30
1.457e-04 1.549e-30
1.504e-04 1.564e-30
1.553e-04 1.589e-30
1.603e-04 1.614e-30
1.656e-04 1.640e-30
1.709e-04 1.666e-30
1.765e-04 1.692e-30
1.822e-04 1.723e-30
1.882e-04 1.767e-30
1.943e-04 1.811e-30
2.006e-04 1.857e-30
2.071e-04 1.904e-30
2.139e-04 1.952e-30
2.208e-04 2.003e-30
2.280e-04 2.069e-30
2.354e-04 2.137e-30
2.431e-04 2.207e-30
2.510e-04 2.280e-30
2.591e-04 2.355e-30
2.676e-04 2.433e-30
2.763e-04 2.515e-30
2.853e-04 2.600e-30
2.945e-04 2.688e-30
3.041e-04 2.779e-30
3.140e-04 2.873e-30
3.242e-04 2.970e-30
3.348e-04 3.080e-30
3.456e-04 3.199e-30
3.569e-04 3.321e-30
3.685e-04 3.449e-30
3.805e-04 3.581e-30
3.928e-04 3.719e-30
4.056e-04 3.863e-30
4.188e-04 4.014e-30
4.324e-04 4.171e-30
4.465e-04 4.333e-30
4.610e-04 4.503e-30
4.760e-04 4.678e-30
4.915e-04 4.861e-30
5.075e-04 5.051e-30
5.240e-04 5.248e-30
5.410e-04 5.453e-30
5.586e-04 5.666e-30
5.768e-04 5.887e-30
5.955e-04 6.120e-30
6.149e-04 6.371e-30
6.349e-04 6.633e-30
6.555e-04 6.905e-30
6.768e-04 7.189e-30
6.989e-04 7.484e-30
7.216e-04 7.789e-30
7.450e-04 8.073e-30
7.693e-04 8.367e-30
7.943e-04 8.672e-30
8.201e-04 8.989e-30
8.468e-04 9.316e-30
8.743e-04 9.656e-30
9.028e-04 1.002e-29
9.321e-04 1.041e-29
9.624e-04 1.081e-29
9.937e-04 1.122e-29
1.026e-03 1.165e-29
1.059e-03 1.210e-29
1.094e-03 1.254e-29
1.129e-03 1.300e-29
1.166e-03 1.347e-29
1.204e-03 1.395e-29
1.243e-03 1.446e-29
1.284e-03 1.498e-29
1.325e-03 1.553e-29
1.369e-03 1.611e-29
1.413e-03 1.671e-29
1.459e-03 1.733e-29
1.506e-03 1.797e-29
1.555e-03 1.864e-29
1.606e-03 1.931e-29
1.658e-03 1.998e-29
1.712e-03 2.066e-29
1.768e-03 2.137e-29
1.825e-03 2.210e-29
1.885e-03 2.286e-29
1.946e-03 2.363e-29
2.009e-03 2.440e-29
2.075e-03 2.519e-29
2.142e-03 2.600e-29
2.212e-03 2.684e-29
2.284e-03 2.771e-29
2.358e-03 2.861e-29
2.435e-03 2.953e-29
2.514e-03 3.047e-29
2.595e-03 3.145e-29
2.680e-03 3.246e-29
2.767e-03 3.351e-29
2.857e-03 3.459e-29
2.950e-03 3.570e-29
3.046e-03 3.685e-29
3.145e-03 3.804e-29
3.247e-03 3.927e-29
3.353e-03 4.054e-29
3.462e-03 4.185e-29
3.574e-03 4.314e-29
3.691e-03 4.444e-29
3.811e-03 4.579e-29
3.935e-03 4.717e-29
4.063e-03 4.860e-29
4.195e-03 5.007e-29
4.331e-03 5.161e-29
4.472e-03 5.320e-29
4.617e-03 5.484e-29
4.767e-03 5.653e-29
4.922e-03 5.828e-29
5.083e-03 6.007e-29
5.248e-03 6.189e-29
5.419e-03 6.371e-29
5.595e-03 6.559e-29
5.777e-03 6.752e-29
5.965e-03 6.950e-29
6.158e-03 7.155e-29
6.359e-03 7.367e-29
6.566e-03 7.590e-29
6.779e-03 7.820e-29
7.000e-03 8.057e-29
7.227e-03 8.302e-29
7.462e-03 8.553e-29
7.705e-03 8.811e-29
7.955e-03 9.059e-29
8.214e-03 9.314e-29
8.481e-03 9.575e-29
8.757e-03 9.845e-29
9.042e-03 1.012e-28
9.336e-03 1.041e-28
9.639e-03 1.068e-28
9.953e-03 1.095e-28
1.028e-02 1.123e-28
1.061e-02 1.152e-28
1.096e-02 1.182e-28
1.131e-02 1.212e-28
1.168e-02 1.244e-28
1.206e-02 1.276e-28
1.245e-02 1.309e-28
1.286e-02 1.343e-28
1.328e-02 1.378e-28
1.371e-02 1.413e-28
1.415e-02 1.450e-28
1.461e-02 1.489e-28
1.509e-02 1.528e-28
1.558e-02 1.569e-28
1.609e-02 1.610e-28
1.661e-02 1.653e-28
1.715e-02 1.696e-28
1.771e-02 1.741e-28
1.828e-02 1.787e-28
1.888e-02 1.834e-28
1.949e-02 1.883e-28
2.012e-02 1.933e-28
2.078e-02 1.984e-28
2.145e-02 2.036e-28
2.215e-02 2.089e-28
2.287e-02 2.144e-28
2.362e-02 2.200e-28
2.438e-02 2.258e-28
2.518e-02 2.312e-28
2.600e-02 2.298e-28
2.684e-02 2.285e-28
2.771e-02 2.272e-28
2.862e-02 2.259e-28
2.955e-02 2.246e-28
3.051e-02 2.183e-28
3.150e-02 2.113e-28
3.252e-02 2.048e-28
3.358e-02 1.984e-28
3.467e-02 1.923e-28
3.580e-02 1.864e-28
3.696e-02 1.807e-28
3.817e-02 1.639e-28
3.941e-02 1.006e-28
4.069e-02 6.617e-29
4.201e-02 4.564e-29
4.338e-02 3.148e-29
4.479e-02 2.171e-29
4.625e-02 1.497e-29
4.775e-02 1.033e-29
4.930e-02 7.508e-30
5.091e-02 5.737e-30
5.256e-02 4.384e-30
5.427e-02 3.350e-30
5.604e-02 2.560e-30
5.786e-02 1.956e-30
5.974e-02 1.538e-30
6.168e-02 1.274e-30
6.369e-02 1.056e-30
6.576e-02 8.751e-31
6.790e-02 7.252e-31
7.011e-02 6.010e-31
7.239e-02 5.034e-31
7.474e-02 4.425e-31
7.717e-02 3.890e-31
7.968e-02 3.420e-31
8.227e-02 3.007e-31
8.495e-02 2.643e-31
8.771e-02 2.322e-31
9.056e-02 1.954e-31
9.351e-02 1.644e-31
9.655e-02 1.383e-31
9.969e-02 1.164e-31
1.029e-01 9.793e-32
1.063e-01 8.240e-32
1.097e-01 7.130e-32
1.133e-01 6.201e-32
1.170e-01 5.393e-32
1.208e-01 4.691e-32
1.247e-01 4.080e-32
1.288e-01 3.548e-32
1.330e-01 3.181e-32
1.373e-01 2.893e-32
1.417e-01 2.631e-32
1.464e-01 2.392e-32
1.511e-01 2.176e-32
1.560e-01 1.979e-32
1.611e-01 1.824e-32
1.663e-01 1.704e-32
1.718e-01 1.591e-32
1.773e-01 1.486e-32
1.831e-01 1.388e-32
1.891e-01 1.297e-32
1.952e-01 1.219e-32
2.016e-01 1.159e-32
2.081e-01 1.102e-32
2.149e-01 1.048e-32
2.219e-01 9.964e-33
2.291e-01 9.475e-33
2.365e-01 9.029e-33
2.442e-01 8.689e-33
2.522e-01 8.362e-33
2.604e-01 8.047e-33
2.688e-01 7.744e-33
2.776e-01 7.452e-33
2.866e-01 7.172e-33
2.959e-01 6.966e-33
3.055e-01 6.766e-33
3.155e-01 6.572e-33
3.257e-01 6.383e-33
3.363e-01 6.200e-33
3.473e-01 6.022e-33
3.586e-01 5.874e-33
3.702e-01 5.734e-33
3.823e-01 5.597e-33
3.947e-01 5.464e-33
4.075e-01 5.334e-33
4.208e-01 5.207e-33
4.345e-01 5.075e-33
4.486e-01 4.942e-33
4.632e-01 4.812e-33
4.782e-01 4.686e-33
4.938e-01 4.563e-33
5.099e-01 4.443e-33
5.264e-01 4.225e-33
5.436e-01 3.927e-33
5.612e-01 3.649e-33
5.795e-01 3.392e-33
5.983e-01 3.152e-33
6.178e-01 2.929e-33
6.379e-01 2.720e-33
6.586e-01 2.522e-33
6.800e-01 2.338e-33
7.022e-01 2.167e-33
7.250e-01 2.009e-33
7.486e-01 1.863e-33
7.729e-01 1.729e-33
7.980e-01 1.616e-33
8.240e-01 1.511e-33
8.508e-01 1.412e-33
8.785e-01 1.320e-33
9.070e-01 1.234e-33
9.365e-01 1.153e-33
9.670e-01 1.065e-33
9.984e-01 9.840e-34
1.031e+00 9.089e-34
1.064e+00 8.396e-34
1.099e+00 7.755e-34
1.135e+00 7.163e-34
1.172e+00 6.704e-34
1.210e+00 6.291e-34
1.249e+00 5.903e-34
1.290e+00 5.539e-34
1.332e+00 5.198e-34
1.375e+00 4.877e-34
1.420e+00 4.572e-34
1.466e+00 4.283e-34
1.514e+00 4.013e-34
1.563e+00 3.760e-34
1.614e+00 3.523e-34
1.666e+00 3.301e-34
1.720e+00 3.083e-34
1.776e+00 2.871e-34
1.834e+00 2.673e-34
1.894e+00 2.489e-34
1.955e+00 2.317e-34
2.019e+00 2.158e-34
2.084e+00 2.009e-34
2.152e+00 1.871e-34
2.222e+00 1.742e-34
2.294e+00 1.622e-34
2.369e+00 1.510e-34
2.446e+00 1.406e-34
2.526e+00 1.309e-34
2.608e+00 1.221e-34
2.693e+00 1.139e-34
2.780e+00 1.062e-34
2.871e+00 9.902e-35
2.964e+00 9.234e-35
3.060e+00 8.611e-35
3.160e+00 7.946e-35
3.263e+00 7.333e-35
3.369e+00 6.767e-35
3.478e+00 6.244e-35
3.591e+00 5.762e-35
3.708e+00 5.318e-35
3.829e+00 4.970e-35
3.953e+00 4.657e-35
4.082e+00 4.363e-35
4.214e+00 4.089e-35
4.352e+00 3.831e-35
4.493e+00 3.590e-35
4.639e+00 3.329e-35
4.790e+00 3.072e-35
4.946e+00 2.834e-35
5.107e+00 2.615e-35
5.273e+00 2.413e-35
5.444e+00 2.227e-35
5.621e+00 2.043e-35
5.804e+00 1.864e-35
5.993e+00 1.700e-35
6.188e+00 1.551e-35
6.389e+00 1.415e-35
6.597e+00 1.291e-35
6.811e+00 1.183e-35
7.033e+00 1.093e-35
7.261e+00 1.009e-35
7.497e+00 9.326e-36
7.741e+00 8.617e-36
7.993e+00 7.961e-36
8.253e+00 7.345e-36
8.521e+00 6.731e-36
8.798e+00 6.167e-36
9.085e+00 5.651e-36
9.380e+00 5.178e-36
9.685e+00 4.745e-36
1.000e+01 4.348e-36
