3.00000e-05 inf
3.47395e-05 inf
4.02278e-05 inf
4.65831e-05 8.34095e-19
5.39425e-05 1.65776e-20
6.24646e-05 1.93030e-21
7.23330e-05 4.45567e-22
8.37604e-05 1.32802e-22
9.69932e-05 4.72174e-23
1.12317e-04 1.98001e-23
1.30061e-04 8.70918e-24
1.50608e-04 4.15016e-24
1.74402e-04 2.12734e-24
2.01955e-04 1.15845e-24
2.33860e-04 7.78081e-26
2.70806e-04 9.87603e-27
3.13590e-04 3.07706e-27
3.63132e-04 1.30907e-27
4.20501e-04 7.64314e-28
4.86933e-04 4.72540e-28
5.63860e-04 3.59008e-28
6.52941e-04 2.77756e-28
7.56095e-04 2.12697e-28
8.75546e-04 1.69556e-28
1.01387e-03 1.44768e-28
1.17404e-03 1.19260e-28
1.35952e-03 9.74668e-29
1.57431e-03 8.02789e-29
1.82302e-03 6.72986e-29
2.11103e-03 5.28910e-29
2.44454e-03 4.28751e-29
2.83074e-03 3.27558e-29
3.27795e-03 2.73097e-29
3.79581e-03 1.98420e-29
4.39549e-03 1.48698e-29
5.08990e-03 1.08095e-29
5.89402e-03 7.77218e-30
6.82518e-03 5.50746e-30
7.90345e-03 3.87166e-30
9.15207e-03 2.66407e-30
1.05980e-02 1.89100e-30
1.22723e-02 1.36841e-30
1.42111e-02 1.05347e-30
1.64562e-02 7.74871e-31
1.90560e-02 6.29722e-31
2.20666e-02 5.06130e-31
2.55527e-02 4.59749e-31
2.95896e-02 3.98369e-31
3.42643e-02 2.96471e-31
3.96775e-02 1.66762e-31
4.59459e-02 8.80037e-32
5.32047e-02 4.67134e-32
6.16101e-02 2.14332e-32
7.13435e-02 1.36740e-32
8.26147e-02 8.68661e-33
9.56665e-02 6.31519e-33
1.10780e-01 4.61665e-33
1.28282e-01 3.76364e-33
1.48548e-01 3.19883e-33
1.72016e-01 3.04903e-33
1.99192e-01 2.50517e-33
2.30661e-01 2.51213e-33
2.67102e-01 2.52451e-33
3.09300e-01 2.56574e-33
3.58164e-01 2.64595e-33
4.14749e-01 2.72953e-33
4.80272e-01 2.82764e-33
5.56147e-01 2.91075e-33
6.44010e-01 2.99098e-33
7.45753e-01 3.05729e-33
8.63570e-01 3.09964e-33
1.00000e+00 3.11969e-33
