1.00000e-05 inf
1.24520e-05 inf
1.55052e-05 inf
1.93070e-05 inf
2.40410e-05 inf
2.99358e-05 inf
3.72759e-05 inf
4.64159e-05 inf
5.77969e-05 inf
7.19686e-05 inf
8.96151e-05 inf
1.11588e-04 1.55344e-06
1.38950e-04 1.16708e-07
1.73020e-04 2.28297e-09
2.15443e-04 6.30668e-11
2.68270e-04 2.10281e-12
3.34048e-04 8.87114e-14
4.15956e-04 4.34165e-15
5.17947e-04 2.33524e-16
6.44947e-04 1.36143e-17
8.03086e-04 8.45500e-19
1.00000e-03 5.60046e-20
1.24520e-03 3.95555e-21
1.55052e-03 2.99153e-22
1.93070e-03 2.53847e-23
2.40410e-03 2.33994e-24
2.99358e-03 2.32826e-25
3.72759e-03 2.50418e-26
4.64159e-03 2.86851e-27
5.77969e-03 3.36831e-28
7.19686e-03 3.98517e-29
8.96151e-03 4.71432e-30
1.11588e-02 5.73618e-31
1.38950e-02 7.51541e-32
1.73020e-02 1.12290e-32
2.15443e-02 2.06531e-33
2.68270e-02 4.73229e-34
3.34048e-02 9.50776e-35
4.15956e-02 3.23008e-36
5.17947e-02 2.31822e-37
6.44947e-02 3.63489e-38
8.03086e-02 8.04686e-39
1.00000e-01 2.48693e-39
1.24520e-01 8.16769e-40
1.55052e-01 3.10112e-40
1.93070e-01 1.34000e-40
2.40410e-01 6.85784e-41
2.99358e-01 3.99457e-41
3.72759e-01 2.77001e-41
4.64159e-01 1.46812e-41
5.77969e-01 1.05727e-41
7.19686e-01 7.88459e-42
8.96151e-01 6.14998e-42
1.11588e+00 4.96491e-42
1.38950e+00 4.01956e-42
1.73020e+00 3.24661e-42
2.15443e+00 2.79730e-42
2.68270e+00 2.53905e-42
3.34048e+00 2.49744e-42
4.15956e+00 2.63267e-42
5.17947e+00 2.92524e-42
6.44947e+00 3.36234e-42
8.03086e+00 3.96223e-42
1.00000e+01 4.81233e-42
