1.00000e-02 inf
1.21819e-02 inf
1.48398e-02 inf
1.80777e-02 inf
2.20220e-02 inf
2.68270e-02 inf
3.26803e-02 3.88977e-14
3.98107e-02 2.30712e-21
4.84969e-02 1.23638e-25
5.90784e-02 6.73687e-28
7.19686e-02 3.10018e-29
8.76712e-02 3.93260e-30
1.06800e-01 1.13401e-30
1.30103e-01 4.73435e-31
1.58489e-01 2.49222e-31
1.93070e-01 1.53721e-31
2.35195e-01 1.10161e-31
2.86512e-01 8.24279e-32
3.49025e-01 6.88054e-32
4.25179e-01 5.73345e-32
5.17947e-01 5.11663e-32
6.30957e-01 3.19666e-32
7.68625e-01 1.89673e-32
9.36329e-01 1.13937e-32
1.14062e+00 7.19434e-33
1.38950e+00 4.61727e-33
1.69267e+00 2.93632e-33
2.06199e+00 1.84828e-33
2.51189e+00 1.13595e-33
3.05995e+00 6.94770e-34
3.72759e+00 4.29579e-34
4.54091e+00 2.56343e-34
5.53168e+00 1.53019e-34
6.73863e+00 8.88424e-35
8.20891e+00 5.43195e-35
1.00000e+01 3.01839e-35
