1.00000e-05 inf
1.21648e-05 inf
1.47983e-05 inf
1.80019e-05 inf
2.18991e-05 inf
2.66399e-05 inf
3.24070e-05 inf
3.94225e-05 inf
4.79569e-05 inf
5.83388e-05 inf
7.09682e-05 inf
8.63317e-05 inf
1.05021e-04 inf
1.27756e-04 inf
1.55414e-04 inf
1.89058e-04 inf
2.29986e-04 2.02916e+04
2.79775e-04 2.51455e+01
3.40341e-04 2.86104e-01
4.14020e-04 6.60350e-03
5.03649e-04 2.17246e-04
6.12680e-04 8.86802e-06
7.45316e-04 4.11761e-07
9.06665e-04 2.08582e-08
1.10294e-03 1.10985e-09
1.34171e-03 6.10866e-11
1.63217e-03 3.35863e-12
1.98551e-03 1.87617e-13
2.41534e-03 1.02043e-14
2.93823e-03 5.43799e-16
3.57430e-03 2.83111e-17
4.34808e-03 1.45740e-18
5.28937e-03 7.31058e-20
6.43444e-03 3.62853e-21
7.82739e-03 1.82487e-22
9.52190e-03 9.33709e-24
1.15832e-02 5.09018e-25
1.40908e-02 3.13843e-26
1.71413e-02 2.37652e-27
2.08521e-02 1.35883e-28
2.53662e-02 3.88169e-30
3.08576e-02 3.79606e-31
3.75377e-02 2.31693e-32
4.56641e-02 1.79652e-33
5.55496e-02 2.89160e-34
6.75752e-02 9.21461e-35
8.22041e-02 4.03237e-35
1.00000e-01 1.46386e-35
1.23285e-01 5.41824e-36
1.51991e-01 2.34054e-36
1.87382e-01 1.73333e-36
2.31013e-01 1.11512e-36
2.84804e-01 1.00519e-36
3.51119e-01 9.23206e-37
4.32876e-01 7.11551e-37
5.33670e-01 4.52994e-37
6.57933e-01 3.12533e-37
8.11131e-01 2.18273e-37
1.00000e+00 1.62344e-37
