1.00000e-01 inf
1.21819e-01 inf
1.48398e-01 inf
1.80777e-01 9.53605e-38
2.20220e-01 2.18793e-39
2.68270e-01 3.09347e-40
3.26803e-01 8.87224e-41
3.98107e-01 4.00920e-41
4.84969e-01 2.11913e-41
5.90784e-01 1.08581e-41
7.19686e-01 5.07234e-42
8.76712e-01 2.20673e-42
1.06800e+00 1.18473e-42
1.30103e+00 7.29605e-43
1.58489e+00 4.85037e-43
1.93070e+00 3.43572e-43
2.35195e+00 2.56451e-43
2.86512e+00 1.99409e-43
3.49025e+00 1.60310e-43
4.25179e+00 1.32271e-43
5.17947e+00 1.11539e-43
6.30957e+00 9.56489e-44
7.68625e+00 8.31607e-44
9.36329e+00 7.32830e-44
1.14062e+01 6.53853e-44
1.38950e+01 5.91382e-44
1.69267e+01 5.43226e-44
2.06199e+01 5.07974e-44
2.51189e+01 4.84873e-44
3.05995e+01 4.73069e-44
3.72759e+01 4.72463e-44
4.54091e+01 4.82535e-44
5.53168e+01 5.05851e-44
6.73863e+01 5.43639e-44
8.20891e+01 5.97514e-44
1.00000e+02 6.70126e-44
