1.00000e-06 inf
1.25485e-06 inf
1.57465e-06 inf
1.97594e-06 inf
2.47951e-06 inf
3.11141e-06 inf
3.90435e-06 inf
4.89938e-06 inf
6.14798e-06 inf
7.71479e-06 inf
9.68089e-06 inf
1.21481e-05 inf
1.52440e-05 inf
1.91289e-05 inf
2.40039e-05 inf
3.01213e-05 inf
3.77976e-05 inf
4.74304e-05 inf
5.95179e-05 inf
7.46860e-05 inf
9.37197e-05 inf
1.17604e-04 4.07112e-11
1.47575e-04 7.49962e-12
1.85185e-04 4.25955e-13
2.32379e-04 3.17748e-14
2.91601e-04 2.86123e-15
3.65915e-04 3.07141e-16
4.59168e-04 3.69316e-17
5.76187e-04 4.81525e-18
7.23028e-04 6.64676e-19
9.07291e-04 9.68825e-20
1.13851e-03 1.48507e-20
1.42866e-03 2.45479e-21
1.79276e-03 4.32049e-22
2.24964e-03 8.38834e-23
2.82296e-03 1.77602e-23
3.54239e-03 4.11045e-24
4.44516e-03 1.01542e-24
5.57800e-03 2.63718e-25
6.99955e-03 7.03149e-26
8.78339e-03 1.90547e-26
1.10218e-02 5.15330e-27
1.38307e-02 1.45653e-27
1.73555e-02 4.48020e-28
2.17785e-02 1.60613e-28
2.73287e-02 6.73121e-29
3.42935e-02 3.46204e-29
4.30331e-02 6.92131e-30
5.40001e-02 8.90473e-31
6.77620e-02 2.18545e-31
8.50310e-02 7.86637e-32
1.06701e-01 3.99707e-32
1.33894e-01 2.28970e-32
1.68017e-01 1.67777e-32
2.10835e-01 1.31317e-32
2.64567e-01 1.14636e-32
3.31991e-01 9.20802e-33
4.16599e-01 7.51822e-33
5.22769e-01 6.36480e-33
6.55996e-01 5.16792e-33
8.23176e-01 3.92185e-33
1.03296e+00 3.21174e-33
1.29621e+00 2.36954e-33
1.62655e+00 1.65794e-33
2.04108e+00 1.17497e-33
2.56124e+00 7.14224e-34
3.21397e+00 4.62039e-34
4.03305e+00 2.86367e-34
5.06087e+00 1.70937e-34
6.35063e+00 9.13225e-35
7.96908e+00 4.15680e-35
1.00000e+01 2.34825e-35
