1.00000e-02 inf
1.14062e-02 inf
1.30103e-02 inf
1.48398e-02 inf
1.69267e-02 inf
1.93070e-02 inf
2.20220e-02 inf
2.51189e-02 2.84059e-26
2.86512e-02 6.53483e-28
3.26803e-02 8.85577e-29
3.72759e-02 1.88666e-29
4.25179e-02 4.96322e-30
4.84969e-02 1.53487e-30
5.53168e-02 5.02632e-31
6.30957e-02 2.15652e-31
7.19686e-02 1.09973e-31
8.20891e-02 6.22541e-32
9.36329e-02 3.99556e-32
1.06800e-01 2.79026e-32
1.21819e-01 2.03627e-32
1.38950e-01 1.58773e-32
1.58489e-01 1.38504e-32
1.80777e-01 1.11360e-32
2.06199e-01 1.04001e-32
2.35195e-01 1.01614e-32
2.68270e-01 1.00324e-32
3.05995e-01 1.00348e-32
3.49025e-01 1.01760e-32
3.98107e-01 1.03800e-32
4.54091e-01 1.06406e-32
5.17947e-01 1.08839e-32
5.90784e-01 1.11233e-32
6.73863e-01 1.13381e-32
7.68625e-01 1.15045e-32
8.76712e-01 1.16156e-32
1.00000e+00 1.16702e-32
