1.00000e-05 inf
1.21547e-05 inf
1.47738e-05 inf
1.79571e-05 inf
2.18264e-05 inf
2.65295e-05 inf
3.22459e-05 inf
3.91941e-05 1.17622e-28
4.76394e-05 5.04222e-30
5.79044e-05 1.52282e-30
7.03814e-05 8.41689e-31
8.55467e-05 6.04439e-31
1.03980e-04 5.05587e-31
1.26385e-04 4.77563e-31
1.53617e-04 4.93558e-31
1.86718e-04 5.57099e-31
2.26951e-04 6.47500e-31
2.75853e-04 8.17516e-31
3.35292e-04 9.97955e-31
4.07539e-04 1.22643e-30
4.95354e-04 1.55531e-30
6.02089e-04 1.94888e-30
7.31824e-04 2.56348e-30
8.89513e-04 3.19226e-30
1.08118e-03 3.90603e-30
1.31415e-03 4.90969e-30
1.59731e-03 6.14588e-30
1.94149e-03 7.43254e-30
2.35983e-03 9.30605e-30
2.86832e-03 1.07271e-29
3.48637e-03 1.32634e-29
4.23759e-03 1.60854e-29
5.15068e-03 1.94502e-29
6.26052e-03 2.32990e-29
7.60950e-03 2.74802e-29
9.24915e-03 3.27466e-29
1.12421e-02 3.85938e-29
1.36645e-02 4.53643e-29
1.66088e-02 5.36890e-29
2.01876e-02 6.40002e-29
2.45375e-02 7.49991e-29
2.98247e-02 6.06394e-29
3.62512e-02 4.82779e-29
4.40624e-02 4.07424e-29
5.35567e-02 3.35020e-29
6.50968e-02 2.34418e-29
7.91234e-02 1.46810e-29
9.61725e-02 1.05249e-29
1.16895e-01 8.54946e-30
1.42083e-01 5.66373e-30
1.72698e-01 4.88140e-30
2.09910e-01 4.12350e-30
2.55141e-01 3.92500e-30
3.10117e-01 3.52817e-30
3.76939e-01 3.25151e-30
4.58160e-01 2.93150e-30
5.56881e-01 2.60509e-30
6.76875e-01 2.22041e-30
8.22724e-01 1.84931e-30
1.00000e+00 1.55152e-30
