3.00000e-05 inf
3.47395e-05 inf
4.02278e-05 inf
4.65831e-05 inf
5.39425e-05 inf
6.24646e-05 inf
7.23330e-05 8.45495e-14
8.37604e-05 2.58280e-15
9.69932e-05 3.20823e-14
1.12317e-04 8.70279e-14
1.30061e-04 1.78675e-14
1.50608e-04 3.72892e-15
1.74402e-04 7.17787e-16
2.01955e-04 1.35827e-16
2.33860e-04 2.35397e-17
2.70806e-04 4.11998e-18
3.13590e-04 7.70462e-19
3.63132e-04 1.48554e-19
4.20501e-04 2.98963e-20
4.86933e-04 6.09789e-21
5.63860e-04 1.27412e-21
6.52941e-04 2.72856e-22
7.56095e-04 5.95235e-23
8.75546e-04 1.33333e-23
1.01387e-03 3.00737e-24
1.17404e-03 7.01410e-25
1.35952e-03 1.66032e-25
1.57431e-03 4.09059e-26
1.82302e-03 1.04438e-26
2.11103e-03 2.79745e-27
2.44454e-03 7.70681e-28
2.83074e-03 2.19305e-28
3.27795e-03 6.49876e-29
3.79581e-03 1.97706e-29
4.39549e-03 6.17597e-30
5.08990e-03 1.96570e-30
5.89402e-03 6.33182e-31
6.82518e-03 2.04966e-31
7.90345e-03 6.68049e-32
9.15207e-03 2.17750e-32
1.05980e-02 7.23858e-33
1.22723e-02 2.46039e-33
1.42111e-02 8.63450e-34
1.64562e-02 3.20685e-34
1.90560e-02 1.29637e-34
2.20666e-02 5.59913e-35
2.55527e-02 2.64408e-35
2.95896e-02 1.33724e-35
3.42643e-02 3.54303e-36
3.96775e-02 4.08116e-37
4.59459e-02 6.20041e-38
5.32047e-02 1.25046e-38
6.16101e-02 3.48907e-39
7.13435e-02 1.14912e-39
8.26147e-02 4.70739e-40
9.56665e-02 2.05196e-40
1.10780e-01 1.06974e-40
1.28282e-01 5.12506e-41
1.48548e-01 3.11107e-41
1.72016e-01 1.73966e-41
1.99192e-01 1.12675e-41
2.30661e-01 6.52402e-42
2.67102e-01 4.44945e-42
3.09300e-01 3.05034e-42
3.58164e-01 2.11047e-42
4.14749e-01 1.66304e-42
4.80272e-01 1.30892e-42
5.56147e-01 1.05975e-42
6.44010e-01 8.78289e-43
7.45753e-01 7.44895e-43
8.63570e-01 6.15675e-43
1.00000e+00 5.61808e-43
