# Energy [keV]     dRdE GaAs [1/keV/day]
1.0000e-04 0.0000e+00
3.0000e-04 0.0000e+00
5.0000e-04 0.0000e+00
7.0000e-04 0.0000e+00
9.0000e-04 0.0000e+00
1.1000e-03 0.0000e+00
1.3000e-03 0.0000e+00
1.5000e-03 0.0000e+00
1.7000e-03 0.0000e+00
1.9000e-03 0.0000e+00
2.1000e-03 0.0000e+00
2.3000e-03 0.0000e+00
2.5000e-03 0.0000e+00
2.7000e-03 0.0000e+00
2.9000e-03 0.0000e+00
3.1000e-03 0.0000e+00
3.3000e-03 0.0000e+00
3.5000e-03 0.0000e+00
3.7000e-03 0.0000e+00
3.9000e-03 0.0000e+00
4.1000e-03 0.0000e+00
4.3000e-03 0.0000e+00
4.5000e-03 0.0000e+00
4.7000e-03 0.0000e+00
4.9000e-03 0.0000e+00
5.1000e-03 4.5450e-01
5.3000e-03 5.1943e-01
5.5000e-03 5.8436e-01
5.7000e-03 3.6360e-01
5.9000e-03 3.5062e-01
6.1000e-03 2.7270e-01
6.3000e-03 2.9867e-01
6.5000e-03 1.4284e-01
6.7000e-03 2.5972e-01
6.9000e-03 2.0777e-01
7.1000e-03 1.5583e-01
7.3000e-03 2.0777e-01
7.5000e-03 2.0777e-01
7.7000e-03 1.0389e-01
7.9000e-03 1.4284e-01
8.1000e-03 1.5583e-01
8.3000e-03 7.7915e-02
8.5000e-03 9.0900e-02
8.7000e-03 1.9479e-01
8.9000e-03 9.0900e-02
9.1000e-03 1.5583e-01
9.3000e-03 6.4929e-02
9.5000e-03 9.0900e-02
9.7000e-03 5.1943e-02
9.9000e-03 6.4929e-02
1.0100e-02 9.0900e-02
1.0300e-02 1.0389e-01
1.0500e-02 3.8957e-02
1.0700e-02 1.1687e-01
1.0900e-02 9.0900e-02
1.1100e-02 7.7915e-02
1.1300e-02 1.1687e-01
1.1500e-02 9.0900e-02
1.1700e-02 5.1943e-02
1.1900e-02 6.4929e-02
1.2100e-02 5.1943e-02
1.2300e-02 5.1943e-02
1.2500e-02 2.5972e-02
1.2700e-02 1.1687e-01
1.2900e-02 6.4929e-02
1.3100e-02 3.8957e-02
1.3300e-02 1.2986e-02
1.3500e-02 6.4929e-02
1.3700e-02 5.1943e-02
1.3900e-02 3.8957e-02
1.4100e-02 5.1943e-02
1.4300e-02 1.0389e-01
1.4500e-02 2.5972e-02
1.4700e-02 9.0900e-02
1.4900e-02 9.0900e-02
1.5100e-02 2.5972e-02
1.5300e-02 2.5972e-02
1.5500e-02 1.0389e-01
1.5700e-02 5.1943e-02
1.5900e-02 2.5972e-02
1.6100e-02 3.8957e-02
1.6300e-02 2.5972e-02
1.6500e-02 1.0389e-01
1.6700e-02 2.5972e-02
1.6900e-02 3.8957e-02
1.7100e-02 2.5972e-02
1.7300e-02 6.4929e-02
1.7500e-02 9.0900e-02
1.7700e-02 5.1943e-02
1.7900e-02 6.4929e-02
1.8100e-02 6.4929e-02
1.8300e-02 5.1943e-02
1.8500e-02 3.8957e-02
1.8700e-02 6.4929e-02
1.8900e-02 3.8957e-02
1.9100e-02 5.1943e-02
1.9300e-02 3.8957e-02
1.9500e-02 9.0900e-02
1.9700e-02 5.1943e-02
1.9900e-02 3.8957e-02
2.0100e-02 1.2986e-02
2.0300e-02 2.5972e-02
2.0500e-02 2.5972e-02
2.0700e-02 1.2986e-02
2.0900e-02 0.0000e+00
2.1100e-02 0.0000e+00
2.1300e-02 0.0000e+00
2.1500e-02 0.0000e+00
2.1700e-02 0.0000e+00
2.1900e-02 0.0000e+00
2.2100e-02 0.0000e+00
2.2300e-02 0.0000e+00
2.2500e-02 1.2986e-02
2.2700e-02 0.0000e+00
2.2900e-02 0.0000e+00
2.3100e-02 0.0000e+00
2.3300e-02 2.5972e-02
2.3500e-02 1.2986e-02
2.3700e-02 0.0000e+00
2.3900e-02 0.0000e+00
2.4100e-02 1.2986e-02
2.4300e-02 0.0000e+00
2.4500e-02 0.0000e+00
2.4700e-02 0.0000e+00
2.4900e-02 0.0000e+00
2.5100e-02 1.2986e-02
2.5300e-02 0.0000e+00
2.5500e-02 0.0000e+00
2.5700e-02 1.2986e-02
2.5900e-02 0.0000e+00
2.6100e-02 0.0000e+00
2.6300e-02 0.0000e+00
2.6500e-02 1.2986e-02
2.6700e-02 0.0000e+00
2.6900e-02 0.0000e+00
2.7100e-02 0.0000e+00
2.7300e-02 0.0000e+00
2.7500e-02 0.0000e+00
2.7700e-02 0.0000e+00
2.7900e-02 1.2986e-02
2.8100e-02 0.0000e+00
2.8300e-02 0.0000e+00
2.8500e-02 0.0000e+00
2.8700e-02 0.0000e+00
2.8900e-02 0.0000e+00
2.9100e-02 0.0000e+00
2.9300e-02 1.2986e-02
2.9500e-02 0.0000e+00
2.9700e-02 1.2986e-02
2.9900e-02 0.0000e+00
3.0100e-02 0.0000e+00
3.0300e-02 0.0000e+00
3.0500e-02 0.0000e+00
3.0700e-02 0.0000e+00
3.0900e-02 0.0000e+00
3.1100e-02 0.0000e+00
3.1300e-02 0.0000e+00
3.1500e-02 0.0000e+00
3.1700e-02 0.0000e+00
3.1900e-02 0.0000e+00
3.2100e-02 0.0000e+00
3.2300e-02 0.0000e+00
3.2500e-02 0.0000e+00
3.2700e-02 0.0000e+00
3.2900e-02 0.0000e+00
3.3100e-02 0.0000e+00
3.3300e-02 0.0000e+00
3.3500e-02 0.0000e+00
3.3700e-02 0.0000e+00
3.3900e-02 0.0000e+00
3.4100e-02 0.0000e+00
3.4300e-02 0.0000e+00
3.4500e-02 0.0000e+00
3.4700e-02 0.0000e+00
3.4900e-02 0.0000e+00
3.5100e-02 0.0000e+00
3.5300e-02 0.0000e+00
3.5500e-02 1.2986e-02
3.5700e-02 0.0000e+00
3.5900e-02 0.0000e+00
3.6100e-02 0.0000e+00
3.6300e-02 0.0000e+00
3.6500e-02 1.2986e-02
3.6700e-02 0.0000e+00
3.6900e-02 0.0000e+00
3.7100e-02 1.2986e-02
3.7300e-02 0.0000e+00
3.7500e-02 0.0000e+00
3.7700e-02 0.0000e+00
3.7900e-02 0.0000e+00
3.8100e-02 0.0000e+00
3.8300e-02 0.0000e+00
3.8500e-02 1.2986e-02
3.8700e-02 0.0000e+00
3.8900e-02 0.0000e+00
3.9100e-02 0.0000e+00
3.9300e-02 0.0000e+00
3.9500e-02 0.0000e+00
3.9700e-02 0.0000e+00
3.9900e-02 0.0000e+00
4.0100e-02 0.0000e+00
4.0300e-02 0.0000e+00
4.0500e-02 0.0000e+00
4.0700e-02 0.0000e+00
4.0900e-02 0.0000e+00
4.1100e-02 0.0000e+00
4.1300e-02 0.0000e+00
4.1500e-02 0.0000e+00
4.1700e-02 0.0000e+00
4.1900e-02 0.0000e+00
4.2100e-02 0.0000e+00
4.2300e-02 0.0000e+00
4.2500e-02 0.0000e+00
4.2700e-02 1.2986e-02
4.2900e-02 0.0000e+00
4.3100e-02 0.0000e+00
4.3300e-02 0.0000e+00
4.3500e-02 0.0000e+00
4.3700e-02 0.0000e+00
4.3900e-02 0.0000e+00
4.4100e-02 0.0000e+00
4.4300e-02 0.0000e+00
4.4500e-02 0.0000e+00
4.4700e-02 0.0000e+00
4.4900e-02 0.0000e+00
4.5100e-02 0.0000e+00
4.5300e-02 0.0000e+00
4.5500e-02 0.0000e+00
4.5700e-02 0.0000e+00
4.5900e-02 0.0000e+00
4.6100e-02 0.0000e+00
4.6300e-02 0.0000e+00
4.6500e-02 0.0000e+00
4.6700e-02 0.0000e+00
4.6900e-02 0.0000e+00
4.7100e-02 0.0000e+00
4.7300e-02 0.0000e+00
4.7500e-02 0.0000e+00
4.7700e-02 0.0000e+00
4.7900e-02 0.0000e+00
4.8100e-02 0.0000e+00
4.8300e-02 0.0000e+00
4.8500e-02 0.0000e+00
4.8700e-02 0.0000e+00
4.8900e-02 0.0000e+00
4.9100e-02 0.0000e+00
4.9300e-02 0.0000e+00
4.9500e-02 0.0000e+00
4.9700e-02 0.0000e+00
