3.00000e-05 inf
3.47395e-05 inf
4.02278e-05 inf
4.65831e-05 8.21019e-21
5.39425e-05 2.05384e-22
6.24646e-05 3.23754e-23
7.23330e-05 7.52065e-24
8.37604e-05 2.48786e-24
9.69932e-05 7.54809e-29
1.12317e-04 2.58455e-30
1.30061e-04 6.19593e-31
1.50608e-04 2.62688e-31
1.74402e-04 1.39267e-31
2.01955e-04 9.95101e-32
2.33860e-04 9.09557e-32
2.70806e-04 8.07453e-32
3.13590e-04 8.04848e-32
3.63132e-04 8.48950e-32
4.20501e-04 9.43099e-32
4.86933e-04 1.08439e-31
5.63860e-04 1.08323e-31
6.52941e-04 1.11713e-31
7.56095e-04 1.03583e-31
8.75546e-04 8.79985e-32
1.01387e-03 7.41323e-32
1.17404e-03 6.85545e-32
1.35952e-03 5.54560e-32
1.57431e-03 4.79644e-32
1.82302e-03 4.44473e-32
2.11103e-03 3.71990e-32
2.44454e-03 2.96750e-32
2.83074e-03 2.57185e-32
3.27795e-03 2.27854e-32
3.79581e-03 1.97081e-32
4.39549e-03 1.79694e-32
5.08990e-03 1.60812e-32
5.89402e-03 1.32493e-32
6.82518e-03 1.29247e-32
7.90345e-03 1.07450e-32
9.15207e-03 1.01560e-32
1.05980e-02 9.24170e-33
1.22723e-02 9.00645e-33
1.42111e-02 8.63465e-33
1.64562e-02 8.29170e-33
1.90560e-02 8.42795e-33
2.20666e-02 9.44019e-33
2.55527e-02 9.80669e-33
2.95896e-02 1.07308e-32
3.42643e-02 1.10172e-32
3.96775e-02 9.27405e-33
4.59459e-02 6.93544e-33
5.32047e-02 4.72851e-33
6.16101e-02 3.88189e-33
7.13435e-02 2.83566e-33
8.26147e-02 2.12919e-33
9.56665e-02 1.71463e-33
1.10780e-01 1.59033e-33
1.28282e-01 1.31775e-33
1.48548e-01 1.11703e-33
1.72016e-01 1.08148e-33
1.99192e-01 1.08336e-33
2.30661e-01 1.10175e-33
2.67102e-01 1.18227e-33
3.09300e-01 1.20384e-33
3.58164e-01 1.25397e-33
4.14749e-01 1.32621e-33
4.80272e-01 1.37871e-33
5.56147e-01 1.42761e-33
6.44010e-01 1.47260e-33
7.45753e-01 1.50857e-33
8.63570e-01 1.50743e-33
1.00000e+00 1.61055e-33
