1.00000e-06 inf
1.25485e-06 inf
1.57465e-06 inf
1.97594e-06 inf
2.47951e-06 inf
3.11141e-06 inf
3.90435e-06 inf
4.89938e-06 inf
6.14798e-06 inf
7.71479e-06 inf
9.68089e-06 inf
1.21481e-05 inf
1.52440e-05 2.19029e-26
1.91289e-05 9.07491e-30
2.40039e-05 7.81366e-31
3.01213e-05 1.61501e-31
3.77976e-05 7.78316e-32
4.74304e-05 6.39039e-32
5.95179e-05 1.71378e-32
7.46860e-05 8.57188e-33
9.37197e-05 6.92513e-33
1.17604e-04 5.60729e-33
1.47575e-04 5.32659e-33
1.85185e-04 6.90923e-33
2.32379e-04 7.33621e-33
2.91601e-04 1.01643e-32
3.65915e-04 1.24355e-32
4.59168e-04 1.63492e-32
5.76187e-04 2.42026e-32
7.23028e-04 2.41289e-32
9.07291e-04 3.30277e-32
1.13851e-03 4.25722e-32
1.42866e-03 5.94607e-32
1.79276e-03 8.11901e-32
2.24964e-03 9.84774e-32
2.82296e-03 1.46058e-31
3.54239e-03 1.53678e-31
4.44516e-03 1.53876e-31
5.57800e-03 2.39867e-31
6.99955e-03 2.89340e-31
8.78339e-03 3.62412e-31
1.10218e-02 3.71124e-31
1.38307e-02 5.78727e-31
1.73555e-02 6.62775e-31
2.17785e-02 9.16629e-31
2.73287e-02 1.12204e-30
3.42935e-02 1.44766e-30
4.30331e-02 1.39326e-30
5.40001e-02 1.13151e-30
6.77620e-02 1.05180e-30
8.50310e-02 8.89458e-31
1.06701e-01 9.25358e-31
1.33894e-01 8.99377e-31
1.68017e-01 7.99015e-31
2.10835e-01 8.47433e-31
2.64567e-01 7.49303e-31
3.31991e-01 7.67543e-31
4.16599e-01 6.90672e-31
5.22769e-01 6.05815e-31
6.55996e-01 5.09900e-31
8.23176e-01 4.67434e-31
1.03296e+00 3.69351e-31
1.29621e+00 3.52520e-31
1.62655e+00 2.25753e-31
2.04108e+00 1.45210e-31
2.56124e+00 1.09001e-31
3.21397e+00 6.89657e-32
4.03305e+00 3.90340e-32
5.06087e+00 1.82430e-32
6.35063e+00 7.28618e-33
7.96908e+00 3.24876e-33
1.00000e+01 2.46437e-33
