1.00000e-02 inf
1.22168e-02 inf
1.49250e-02 inf
1.82335e-02 5.93712e-17
2.22754e-02 1.12702e-22
2.72134e-02 6.55291e-25
3.32460e-02 1.88237e-26
4.06159e-02 1.23737e-27
4.96195e-02 1.41194e-28
6.06190e-02 2.89631e-29
7.40568e-02 9.89382e-30
9.04736e-02 4.68679e-30
1.10530e-01 2.19266e-30
1.35031e-01 9.34327e-31
1.64965e-01 5.06364e-31
2.01534e-01 3.40141e-31
2.46209e-01 2.51349e-31
3.00788e-01 2.01643e-31
3.67466e-01 1.68969e-31
4.48925e-01 1.39841e-31
5.48442e-01 1.21280e-31
6.70019e-01 1.01483e-31
8.18547e-01 8.13667e-32
1.00000e+00 6.44429e-32
