1.00000e-03 inf
1.21819e-03 inf
1.48398e-03 6.32041e-36
1.80777e-03 5.72050e-38
2.20220e-03 7.38069e-39
2.68270e-03 2.14126e-39
3.26803e-03 9.81104e-40
3.98107e-03 5.96227e-40
4.84969e-03 4.23654e-40
5.90784e-03 3.40751e-40
7.19686e-03 3.00028e-40
8.76712e-03 2.87868e-40
1.06800e-02 2.92081e-40
1.30103e-02 3.11691e-40
1.58489e-02 3.38212e-40
1.93070e-02 3.71199e-40
2.35195e-02 4.19605e-40
2.86512e-02 4.93206e-40
3.49025e-02 5.70871e-40
4.25179e-02 6.78867e-40
5.17947e-02 8.04314e-40
6.30957e-02 9.61053e-40
7.68625e-02 1.13358e-39
9.36329e-02 1.35103e-39
1.14062e-01 1.63982e-39
1.38950e-01 2.00077e-39
1.69267e-01 2.42902e-39
2.06199e-01 2.90306e-39
2.51189e-01 3.51713e-39
3.05995e-01 4.22924e-39
3.72759e-01 5.10295e-39
4.54091e-01 6.31984e-39
5.53168e-01 7.61819e-39
6.73863e-01 9.41602e-39
8.20891e-01 1.14266e-38
1.00000e+00 1.39141e-38
