1.00000e-02 inf
1.21819e-02 inf
1.48398e-02 inf
1.80777e-02 inf
2.20220e-02 9.68554e-26
2.68270e-02 1.10250e-27
3.26803e-02 6.80459e-29
3.98107e-02 4.63690e-30
4.84969e-02 4.71023e-31
5.90784e-02 9.26419e-32
7.19686e-02 2.90244e-32
8.76712e-02 1.30907e-32
1.06800e-01 6.90701e-33
1.30103e-01 2.85188e-33
1.58489e-01 1.51766e-33
1.93070e-01 9.99511e-34
2.35195e-01 7.05683e-34
2.86512e-01 5.66042e-34
3.49025e-01 4.76146e-34
4.25179e-01 3.86283e-34
5.17947e-01 3.21786e-34
6.30957e-01 2.74503e-34
7.68625e-01 2.38796e-34
9.36329e-01 1.68371e-34
1.14062e+00 1.91429e-34
1.38950e+00 1.32475e-34
1.69267e+00 9.55271e-35
2.06199e+00 6.64163e-35
2.51189e+00 4.45777e-35
3.05995e+00 2.91536e-35
3.72759e+00 1.86957e-35
4.54091e+00 1.15529e-35
5.53168e+00 6.82623e-36
6.73863e+00 3.94306e-36
8.20891e+00 2.40610e-36
1.00000e+01 1.59042e-36
