# Energy [keV]     dRdE GaAs [1/keV/day]
5.0000e-04 0.0000e+00
1.5000e-03 0.0000e+00
2.5000e-03 0.0000e+00
3.5000e-03 0.0000e+00
4.5000e-03 0.0000e+00
5.5000e-03 0.0000e+00
6.5000e-03 0.0000e+00
7.5000e-03 0.0000e+00
8.5000e-03 0.0000e+00
9.5000e-03 0.0000e+00
1.0500e-02 0.0000e+00
1.1500e-02 0.0000e+00
1.2500e-02 0.0000e+00
1.3500e-02 0.0000e+00
1.4500e-02 0.0000e+00
1.5500e-02 0.0000e+00
1.6500e-02 0.0000e+00
1.7500e-02 0.0000e+00
1.8500e-02 4.2138e+00
1.9500e-02 3.1818e+00
2.0500e-02 1.2039e+00
2.1500e-02 1.0319e+00
2.2500e-02 4.2997e-01
2.3500e-02 8.5995e-02
2.4500e-02 4.2997e-01
2.5500e-02 8.5995e-02
2.6500e-02 3.4398e-01
2.7500e-02 1.7199e-01
2.8500e-02 2.5798e-01
2.9500e-02 1.7199e-01
3.0500e-02 8.5995e-02
3.1500e-02 8.5995e-02
3.2500e-02 0.0000e+00
3.3500e-02 1.7199e-01
3.4500e-02 8.5995e-02
3.5500e-02 8.5995e-02
3.6500e-02 8.5995e-02
3.7500e-02 8.5995e-02
3.8500e-02 8.5995e-02
3.9500e-02 8.5995e-02
4.0500e-02 0.0000e+00
4.1500e-02 0.0000e+00
4.2500e-02 0.0000e+00
4.3500e-02 0.0000e+00
4.4500e-02 0.0000e+00
4.5500e-02 0.0000e+00
4.6500e-02 0.0000e+00
4.7500e-02 8.5995e-02
4.8500e-02 1.7199e-01
4.9500e-02 0.0000e+00
5.0500e-02 0.0000e+00
5.1500e-02 1.7199e-01
5.2500e-02 0.0000e+00
5.3500e-02 0.0000e+00
5.4500e-02 0.0000e+00
5.5500e-02 0.0000e+00
5.6500e-02 0.0000e+00
5.7500e-02 0.0000e+00
5.8500e-02 8.5995e-02
5.9500e-02 0.0000e+00
6.0500e-02 0.0000e+00
6.1500e-02 0.0000e+00
6.2500e-02 0.0000e+00
6.3500e-02 0.0000e+00
6.4500e-02 0.0000e+00
6.5500e-02 0.0000e+00
6.6500e-02 0.0000e+00
6.7500e-02 0.0000e+00
6.8500e-02 0.0000e+00
6.9500e-02 0.0000e+00
7.0500e-02 8.5995e-02
7.1500e-02 0.0000e+00
7.2500e-02 0.0000e+00
7.3500e-02 0.0000e+00
7.4500e-02 0.0000e+00
7.5500e-02 0.0000e+00
7.6500e-02 8.5995e-02
7.7500e-02 0.0000e+00
7.8500e-02 0.0000e+00
7.9500e-02 0.0000e+00
8.0500e-02 0.0000e+00
8.1500e-02 8.5995e-02
8.2500e-02 0.0000e+00
8.3500e-02 0.0000e+00
8.4500e-02 0.0000e+00
8.5500e-02 8.5995e-02
8.6500e-02 0.0000e+00
8.7500e-02 0.0000e+00
8.8500e-02 0.0000e+00
8.9500e-02 0.0000e+00
9.0500e-02 8.5995e-02
9.1500e-02 0.0000e+00
9.2500e-02 0.0000e+00
9.3500e-02 0.0000e+00
9.4500e-02 0.0000e+00
9.5500e-02 0.0000e+00
9.6500e-02 0.0000e+00
9.7500e-02 0.0000e+00
9.8500e-02 0.0000e+00
