1.00000e-03 inf
1.21819e-03 inf
1.48398e-03 8.70958e-32
1.80777e-03 8.01303e-34
2.20220e-03 8.13110e-35
2.68270e-03 1.98719e-35
3.26803e-03 7.57123e-36
3.98107e-03 3.79792e-36
4.84969e-03 2.35996e-36
5.90784e-03 1.67795e-36
7.19686e-03 1.33071e-36
8.76712e-03 1.12007e-36
1.06800e-02 9.96122e-37
1.30103e-02 9.34171e-37
1.58489e-02 9.19347e-37
1.93070e-02 9.37854e-37
2.35195e-02 9.82182e-37
2.86512e-02 1.06993e-36
3.49025e-02 1.18589e-36
4.25179e-02 1.33905e-36
5.17947e-02 1.54963e-36
6.30957e-02 1.75054e-36
7.68625e-02 2.05116e-36
9.36329e-02 2.45226e-36
1.14062e-01 2.89571e-36
1.38950e-01 3.40793e-36
1.69267e-01 4.06950e-36
2.06199e-01 4.92622e-36
2.51189e-01 5.88712e-36
3.05995e-01 7.12065e-36
3.72759e-01 8.56188e-36
4.54091e-01 1.03712e-35
5.53168e-01 1.25786e-35
6.73863e-01 1.53755e-35
8.20891e-01 1.84392e-35
1.00000e+00 2.24294e-35
