1.00000e-05 inf
1.21547e-05 inf
1.47738e-05 inf
1.79571e-05 inf
2.18264e-05 inf
2.65295e-05 inf
3.22459e-05 inf
3.91941e-05 inf
4.76394e-05 inf
5.79044e-05 inf
7.03814e-05 inf
8.55467e-05 inf
1.03980e-04 2.10452e-11
1.26385e-04 8.59338e-14
1.53617e-04 6.08771e-15
1.86718e-04 8.13655e-16
2.26951e-04 1.47229e-16
2.75853e-04 3.16163e-17
3.35292e-04 7.54337e-18
4.07539e-04 1.91208e-18
4.95354e-04 4.96258e-19
6.02089e-04 1.29631e-19
7.31824e-04 3.40184e-20
8.89513e-04 8.73352e-21
1.08118e-03 2.24271e-21
1.31415e-03 5.67145e-22
1.59731e-03 1.40691e-22
1.94149e-03 3.56382e-23
2.35983e-03 8.83202e-24
2.86832e-03 2.18593e-24
3.48637e-03 5.47605e-25
4.23759e-03 1.33007e-25
5.15068e-03 3.27131e-26
6.26052e-03 7.91577e-27
7.60950e-03 1.92338e-27
9.24915e-03 4.77105e-28
1.12421e-02 1.16949e-28
1.36645e-02 3.05295e-29
1.66088e-02 8.40615e-30
2.01876e-02 2.56039e-30
2.45375e-02 8.91930e-31
2.98247e-02 3.52793e-31
3.62512e-02 8.77979e-32
4.40624e-02 1.25439e-32
5.35567e-02 2.63668e-33
6.50968e-02 7.68626e-34
7.91234e-02 2.44039e-34
9.61725e-02 1.27565e-34
1.16895e-01 8.05512e-35
1.42083e-01 5.92071e-35
1.72698e-01 3.91536e-35
2.09910e-01 3.18869e-35
2.55141e-01 2.48510e-35
3.10117e-01 2.53211e-35
3.76939e-01 2.49354e-35
4.58160e-01 2.62750e-35
5.56881e-01 2.55136e-35
6.76875e-01 2.64764e-35
8.22724e-01 2.64515e-35
1.00000e+00 2.64810e-35
