3.00000e-05 inf
3.47395e-05 inf
4.02278e-05 inf
4.65831e-05 inf
5.39425e-05 inf
6.24646e-05 inf
7.23330e-05 1.51686e-13
8.37604e-05 4.22559e-15
9.69932e-05 3.63091e-16
1.12317e-04 4.98789e-17
1.30061e-04 9.08518e-18
1.50608e-04 1.57674e-18
1.74402e-04 4.22204e-19
2.01955e-04 9.35072e-20
2.33860e-04 2.17350e-20
2.70806e-04 6.80759e-21
3.13590e-04 1.84653e-21
3.63132e-04 5.47928e-22
4.20501e-04 1.50135e-22
4.86933e-04 4.48725e-23
5.63860e-04 1.32319e-23
6.52941e-04 3.92798e-24
7.56095e-04 1.16851e-24
8.75546e-04 3.74834e-25
1.01387e-03 1.21018e-25
1.17404e-03 3.72854e-26
1.35952e-03 1.15365e-26
1.57431e-03 3.60666e-27
1.82302e-03 1.14719e-27
2.11103e-03 3.79622e-28
2.44454e-03 1.16383e-28
2.83074e-03 3.66219e-29
3.27795e-03 1.28985e-29
3.79581e-03 4.34644e-30
4.39549e-03 1.49889e-30
5.08990e-03 4.96448e-31
5.89402e-03 1.88144e-31
6.82518e-03 6.66493e-32
7.90345e-03 2.54505e-32
9.15207e-03 9.58367e-33
1.05980e-02 3.57879e-33
1.22723e-02 1.43999e-33
1.42111e-02 5.79694e-34
1.64562e-02 2.47591e-34
1.90560e-02 1.16077e-34
2.20666e-02 5.66241e-35
2.55527e-02 2.90646e-35
2.95896e-02 1.49197e-35
3.42643e-02 7.58956e-36
3.96775e-02 3.53290e-36
4.59459e-02 1.37890e-36
5.32047e-02 5.40263e-37
6.16101e-02 2.62291e-37
7.13435e-02 1.25736e-37
8.26147e-02 6.56648e-38
9.56665e-02 3.81916e-38
1.10780e-01 2.24164e-38
1.28282e-01 1.34395e-38
1.48548e-01 9.61960e-39
1.72016e-01 6.36712e-39
1.99192e-01 4.93993e-39
2.30661e-01 3.88101e-39
2.67102e-01 3.14601e-39
3.09300e-01 2.57122e-39
3.58164e-01 2.15734e-39
4.14749e-01 1.81500e-39
4.80272e-01 1.54796e-39
5.56147e-01 1.32356e-39
6.44010e-01 1.14040e-39
7.45753e-01 9.86377e-40
8.63570e-01 8.35832e-40
1.00000e+00 7.74229e-40
