1.00000e-06 inf
1.25485e-06 inf
1.57465e-06 inf
1.97594e-06 inf
2.47951e-06 inf
3.11141e-06 inf
3.90435e-06 inf
4.89938e-06 inf
6.14798e-06 inf
7.71479e-06 inf
9.68089e-06 inf
1.21481e-05 inf
1.52440e-05 inf
1.91289e-05 inf
2.40039e-05 inf
3.01213e-05 inf
3.77976e-05 inf
4.74304e-05 inf
5.95179e-05 inf
7.46860e-05 2.32187e-15
9.37197e-05 2.39946e-15
1.17604e-04 1.52407e-16
1.47575e-04 1.90621e-17
1.85185e-04 2.94613e-18
2.32379e-04 5.05454e-19
2.91601e-04 9.48244e-20
3.65915e-04 1.94306e-20
4.59168e-04 4.21149e-21
5.76187e-04 9.55475e-22
7.23028e-04 2.24106e-22
9.07291e-04 5.44606e-23
1.13851e-03 1.37175e-23
1.42866e-03 3.61276e-24
1.79276e-03 1.02221e-24
2.24964e-03 3.11037e-25
2.82296e-03 1.02637e-25
3.54239e-03 3.66619e-26
4.44516e-03 1.40709e-26
5.57800e-03 5.77509e-27
6.99955e-03 2.47967e-27
8.78339e-03 1.09634e-27
1.10218e-02 4.95248e-28
1.38307e-02 2.28695e-28
1.73555e-02 1.12004e-28
2.17785e-02 5.98653e-29
2.73287e-02 3.56192e-29
3.42935e-02 2.42867e-29
4.30331e-02 9.27504e-30
5.40001e-02 1.39763e-30
6.77620e-02 3.17934e-31
8.50310e-02 1.27394e-31
1.06701e-01 6.23021e-32
1.33894e-01 4.00917e-32
1.68017e-01 2.66364e-32
2.10835e-01 1.99929e-32
2.64567e-01 1.85125e-32
3.31991e-01 1.44556e-32
4.16599e-01 1.33004e-32
5.22769e-01 1.05013e-32
6.55996e-01 9.35791e-33
8.23176e-01 7.29217e-33
1.03296e+00 5.41331e-33
1.29621e+00 4.49635e-33
1.62655e+00 2.90011e-33
2.04108e+00 2.13129e-33
2.56124e+00 1.31205e-33
3.21397e+00 7.64984e-34
4.03305e+00 4.99626e-34
5.06087e+00 3.02392e-34
6.35063e+00 1.35650e-34
7.96908e+00 7.20648e-35
1.00000e+01 2.90765e-35
