3.00000e-05 inf
3.49408e-05 inf
4.06954e-05 inf
4.73977e-05 inf
5.52039e-05 inf
6.42957e-05 inf
7.48849e-05 7.14808e-12
8.72180e-05 2.98152e-13
1.01582e-04 2.50559e-14
1.18312e-04 3.45097e-15
1.37798e-04 5.93454e-16
1.60492e-04 1.22917e-16
1.86925e-04 2.69859e-17
2.17710e-04 6.37107e-18
2.53566e-04 1.61343e-18
2.95327e-04 4.01349e-19
3.43966e-04 1.06710e-19
4.00615e-04 2.84271e-20
4.66594e-04 7.55072e-21
5.43440e-04 2.15672e-21
6.32942e-04 5.86057e-22
7.37184e-04 1.66989e-22
8.58594e-04 4.70904e-23
1.00000e-03 1.35132e-23
1.21648e-03 2.62515e-24
1.47983e-03 5.05996e-25
1.80019e-03 9.80414e-26
2.18991e-03 1.95936e-26
2.66399e-03 3.95560e-27
3.24070e-03 8.52827e-28
3.94225e-03 1.98881e-28
4.79569e-03 4.53205e-29
5.83388e-03 1.09475e-29
7.09682e-03 2.82507e-30
8.63317e-03 7.25805e-31
1.05021e-02 1.97311e-31
1.27756e-02 5.37175e-32
1.55414e-02 1.62338e-32
1.89058e-02 5.29780e-33
2.29986e-02 1.89280e-33
2.79775e-02 7.85250e-34
3.40341e-02 2.93208e-34
4.14020e-02 8.53233e-35
5.03649e-02 2.34494e-35
6.12680e-02 6.81312e-36
7.45316e-02 2.59106e-36
9.06665e-02 1.05997e-36
1.10294e-01 5.04361e-37
1.34171e-01 2.69911e-37
1.63217e-01 1.73420e-37
1.98551e-01 1.01348e-37
2.41534e-01 7.42080e-38
2.93823e-01 5.61372e-38
3.57430e-01 4.37254e-38
4.34808e-01 3.48070e-38
5.28937e-01 2.81275e-38
6.43444e-01 2.28839e-38
7.82739e-01 1.88264e-38
9.52190e-01 1.56012e-38
1.15832e+00 1.30064e-38
1.40908e+00 1.08971e-38
1.71413e+00 9.24746e-39
2.08521e+00 8.05740e-39
2.53662e+00 7.35539e-39
3.08576e+00 7.12015e-39
3.75377e+00 7.29266e-39
4.56641e+00 7.83076e-39
5.55496e+00 8.70103e-39
6.75752e+00 9.93505e-39
8.22041e+00 1.16323e-38
1.00000e+01 1.37833e-38
