3.00000e-05 inf
3.47395e-05 inf
4.02278e-05 inf
4.65831e-05 inf
5.39425e-05 inf
6.24646e-05 inf
7.23330e-05 inf
8.37604e-05 2.62712e-08
9.69932e-05 1.55682e-09
1.12317e-04 1.66682e-09
1.30061e-04 2.27691e-08
1.50608e-04 3.76187e-09
1.74402e-04 6.45810e-10
2.01955e-04 9.99652e-11
2.33860e-04 1.03236e-11
2.70806e-04 1.01781e-12
3.13590e-04 1.12956e-13
3.63132e-04 1.36616e-14
4.20501e-04 1.77857e-15
4.86933e-04 2.41647e-16
5.63860e-04 3.41395e-17
6.52941e-04 5.01522e-18
7.56095e-04 7.57027e-19
8.75546e-04 1.16566e-19
1.01387e-03 1.84277e-20
1.17404e-03 2.99259e-21
1.35952e-03 4.99151e-22
1.57431e-03 8.54984e-23
1.82302e-03 1.52747e-23
2.11103e-03 2.80096e-24
2.44454e-03 5.28948e-25
2.83074e-03 1.02273e-25
3.27795e-03 2.02210e-26
3.79581e-03 4.09202e-27
4.39549e-03 8.37672e-28
5.08990e-03 1.74133e-28
5.89402e-03 3.64477e-29
6.82518e-03 7.68704e-30
7.90345e-03 1.62899e-30
9.15207e-03 3.50051e-31
1.05980e-02 7.61277e-32
1.22723e-02 1.72514e-32
1.42111e-02 4.13092e-33
1.64562e-02 1.05689e-33
1.90560e-02 3.11051e-34
2.20666e-02 9.59131e-35
2.55527e-02 3.35450e-35
2.95896e-02 1.32844e-35
3.42643e-02 3.10349e-36
3.96775e-02 2.90007e-37
4.59459e-02 4.14797e-38
5.32047e-02 8.27584e-39
6.16101e-02 2.18660e-39
7.13435e-02 7.35705e-40
8.26147e-02 3.09835e-40
9.56665e-02 1.40387e-40
1.10780e-01 6.57008e-41
1.28282e-01 2.97173e-41
1.48548e-01 1.46392e-41
1.72016e-01 8.85423e-42
1.99192e-01 4.69091e-42
2.30661e-01 2.72479e-42
2.67102e-01 2.38586e-42
3.09300e-01 1.58151e-42
3.58164e-01 9.58814e-43
4.14749e-01 7.95704e-43
4.80272e-01 4.99622e-43
5.56147e-01 4.23935e-43
6.44010e-01 3.09431e-43
7.45753e-01 2.71452e-43
8.63570e-01 2.20428e-43
1.00000e+00 2.01992e-43
