1.00000e-01 inf
1.21819e-01 inf
1.48398e-01 inf
1.80777e-01 inf
2.20220e-01 inf
2.68270e-01 1.07626e-39
3.26803e-01 1.39711e-40
3.98107e-01 5.17067e-41
4.84969e-01 2.45706e-41
5.90784e-01 1.26391e-41
7.19686e-01 6.62095e-42
8.76712e-01 3.06618e-42
1.06800e+00 1.73195e-42
1.30103e+00 1.05258e-42
1.58489e+00 6.73943e-43
1.93070e+00 4.52274e-43
2.35195e+00 3.18008e-43
2.86512e+00 2.34282e-43
3.49025e+00 1.80424e-43
4.25179e+00 1.44080e-43
5.17947e+00 1.18654e-43
6.30957e+00 9.99069e-44
7.68625e+00 8.58394e-44
9.36329e+00 7.49360e-44
1.14062e+01 6.63828e-44
1.38950e+01 5.97612e-44
1.69267e+01 5.47308e-44
2.06199e+01 5.10667e-44
2.51189e+01 4.86581e-44
3.05995e+01 4.74465e-44
3.72759e+01 4.73168e-44
4.54091e+01 4.83408e-44
5.53168e+01 5.06652e-44
6.73863e+01 5.44265e-44
8.20891e+01 5.98204e-44
1.00000e+02 6.70771e-44
