# DM Mass [GeV] Xsec [cm^2]
1.218e-04 2.303e-07
1.253e-04 1.271e-07
1.289e-04 7.015e-08
1.326e-04 3.871e-08
1.365e-04 2.137e-08
1.404e-04 1.179e-08
1.444e-04 6.508e-09
1.486e-04 3.619e-09
1.528e-04 2.403e-09
1.572e-04 1.596e-09
1.618e-04 1.059e-09
1.664e-04 7.034e-10
1.712e-04 4.670e-10
1.761e-04 3.101e-10
1.812e-04 2.070e-10
1.864e-04 1.472e-10
1.918e-04 1.046e-10
1.973e-04 7.437e-11
2.030e-04 5.287e-11
2.088e-04 3.758e-11
2.148e-04 2.671e-11
2.210e-04 1.907e-11
2.273e-04 1.404e-11
2.339e-04 1.033e-11
2.406e-04 7.602e-12
2.475e-04 5.595e-12
2.547e-04 4.117e-12
2.620e-04 3.030e-12
2.695e-04 2.238e-12
2.773e-04 1.683e-12
2.852e-04 1.266e-12
2.934e-04 9.526e-13
3.019e-04 7.166e-13
3.106e-04 5.391e-13
3.195e-04 4.055e-13
3.287e-04 3.060e-13
3.381e-04 2.336e-13
3.479e-04 1.784e-13
3.579e-04 1.362e-13
3.682e-04 1.040e-13
3.788e-04 7.941e-14
3.897e-04 6.064e-14
4.009e-04 4.641e-14
4.124e-04 3.579e-14
4.243e-04 2.760e-14
4.365e-04 2.129e-14
4.490e-04 1.642e-14
4.619e-04 1.266e-14
4.752e-04 9.763e-15
4.889e-04 7.545e-15
5.030e-04 5.861e-15
5.174e-04 4.553e-15
5.323e-04 3.536e-15
5.476e-04 2.747e-15
5.634e-04 2.134e-15
5.796e-04 1.658e-15
5.963e-04 1.290e-15
6.134e-04 1.008e-15
6.311e-04 7.870e-16
6.492e-04 6.147e-16
6.679e-04 4.801e-16
6.871e-04 3.750e-16
7.069e-04 2.929e-16
7.272e-04 2.294e-16
7.481e-04 1.804e-16
7.696e-04 1.419e-16
7.918e-04 1.116e-16
8.146e-04 8.774e-17
8.380e-04 6.900e-17
8.621e-04 5.426e-17
8.869e-04 4.277e-17
9.124e-04 3.381e-17
9.386e-04 2.673e-17
9.657e-04 2.113e-17
9.934e-04 1.670e-17
1.022e-03 1.320e-17
1.051e-03 1.044e-17
1.082e-03 8.277e-18
1.113e-03 6.588e-18
1.145e-03 5.243e-18
1.178e-03 4.173e-18
1.212e-03 3.321e-18
1.246e-03 2.643e-18
1.282e-03 2.103e-18
1.319e-03 1.680e-18
1.357e-03 1.346e-18
1.396e-03 1.079e-18
1.436e-03 8.649e-19
1.478e-03 6.932e-19
1.520e-03 5.556e-19
1.564e-03 4.453e-19
1.609e-03 3.588e-19
1.655e-03 2.904e-19
1.703e-03 2.350e-19
1.752e-03 1.902e-19
1.802e-03 1.540e-19
1.854e-03 1.246e-19
1.907e-03 1.008e-19
1.962e-03 8.208e-20
2.019e-03 6.709e-20
2.077e-03 5.484e-20
2.136e-03 4.482e-20
2.198e-03 3.664e-20
2.261e-03 2.994e-20
2.326e-03 2.448e-20
2.393e-03 2.012e-20
2.462e-03 1.659e-20
2.533e-03 1.369e-20
2.606e-03 1.129e-20
2.680e-03 9.314e-21
2.758e-03 7.683e-21
2.837e-03 6.338e-21
2.919e-03 5.256e-21
3.002e-03 4.370e-21
3.089e-03 3.634e-21
3.178e-03 3.022e-21
3.269e-03 2.513e-21
3.363e-03 2.090e-21
3.460e-03 1.738e-21
3.559e-03 1.454e-21
3.662e-03 1.220e-21
3.767e-03 1.023e-21
3.876e-03 8.582e-22
3.987e-03 7.199e-22
4.102e-03 6.039e-22
4.220e-03 5.066e-22
4.341e-03 4.266e-22
4.466e-03 3.597e-22
4.594e-03 3.033e-22
4.727e-03 2.558e-22
4.863e-03 2.157e-22
5.002e-03 1.819e-22
5.146e-03 1.534e-22
5.294e-03 1.296e-22
5.447e-03 1.097e-22
5.603e-03 9.281e-23
5.764e-03 7.853e-23
5.930e-03 6.644e-23
6.101e-03 5.621e-23
6.276e-03 4.756e-23
6.457e-03 4.026e-23
6.643e-03 3.409e-23
6.834e-03 2.886e-23
7.030e-03 2.444e-23
7.233e-03 2.069e-23
7.441e-03 1.752e-23
7.655e-03 1.483e-23
7.875e-03 1.255e-23
8.101e-03 1.062e-23
8.334e-03 8.989e-24
8.574e-03 7.607e-24
8.821e-03 6.438e-24
9.075e-03 5.448e-24
9.336e-03 4.610e-24
9.604e-03 3.904e-24
9.880e-03 3.306e-24
1.016e-02 2.799e-24
1.046e-02 2.370e-24
1.076e-02 2.007e-24
1.107e-02 1.700e-24
1.139e-02 1.439e-24
1.171e-02 1.221e-24
1.205e-02 1.036e-24
1.240e-02 8.791e-25
1.275e-02 7.460e-25
1.312e-02 6.329e-25
1.350e-02 5.370e-25
1.389e-02 4.557e-25
1.429e-02 3.894e-25
1.470e-02 3.327e-25
1.512e-02 2.843e-25
1.555e-02 2.430e-25
1.600e-02 2.077e-25
1.646e-02 1.775e-25
1.694e-02 1.517e-25
1.742e-02 1.312e-25
1.792e-02 1.135e-25
1.844e-02 9.813e-26
1.897e-02 8.487e-26
1.952e-02 7.340e-26
2.008e-02 6.348e-26
2.065e-02 5.495e-26
2.125e-02 4.824e-26
2.186e-02 4.235e-26
2.249e-02 3.717e-26
2.313e-02 3.263e-26
2.380e-02 2.865e-26
2.449e-02 2.515e-26
2.519e-02 2.212e-26
2.591e-02 1.979e-26
2.666e-02 1.771e-26
2.743e-02 1.585e-26
2.822e-02 1.419e-26
2.903e-02 1.269e-26
2.986e-02 1.136e-26
3.072e-02 1.019e-26
3.160e-02 9.287e-27
3.251e-02 8.463e-27
3.345e-02 7.712e-27
3.441e-02 7.027e-27
3.540e-02 6.404e-27
3.642e-02 5.450e-27
3.747e-02 3.707e-27
3.854e-02 2.521e-27
3.965e-02 1.714e-27
4.079e-02 1.179e-27
4.197e-02 8.560e-28
4.317e-02 6.215e-28
4.442e-02 4.512e-28
4.569e-02 3.276e-28
4.701e-02 2.379e-28
4.836e-02 1.727e-28
4.975e-02 1.265e-28
5.118e-02 1.011e-28
5.266e-02 8.073e-29
5.417e-02 6.449e-29
5.573e-02 5.151e-29
5.733e-02 4.115e-29
5.898e-02 3.287e-29
6.068e-02 2.632e-29
6.242e-02 2.252e-29
6.422e-02 1.928e-29
6.607e-02 1.650e-29
6.797e-02 1.412e-29
6.992e-02 1.208e-29
7.193e-02 1.034e-29
7.400e-02 8.851e-30
7.613e-02 7.935e-30
7.832e-02 7.122e-30
8.057e-02 6.393e-30
8.289e-02 5.738e-30
8.528e-02 5.150e-30
8.773e-02 3.916e-30
9.025e-02 3.275e-30
9.285e-02 2.739e-30
9.552e-02 2.291e-30
9.827e-02 1.916e-30
1.011e-01 1.603e-30
1.040e-01 1.340e-30
1.070e-01 1.125e-30
1.101e-01 9.922e-31
1.132e-01 8.752e-31
1.165e-01 7.720e-31
1.198e-01 6.809e-31
1.233e-01 6.006e-31
1.268e-01 5.298e-31
1.305e-01 4.689e-31
1.342e-01 4.276e-31
1.381e-01 3.899e-31
1.421e-01 3.556e-31
1.462e-01 3.243e-31
1.504e-01 2.957e-31
1.547e-01 2.697e-31
1.591e-01 2.467e-31
1.637e-01 2.302e-31
1.684e-01 2.147e-31
1.733e-01 2.003e-31
1.783e-01 1.869e-31
1.834e-01 1.744e-31
1.887e-01 1.627e-31
1.941e-01 1.524e-31
1.997e-01 1.452e-31
2.054e-01 1.384e-31
2.113e-01 1.320e-31
2.174e-01 1.258e-31
2.237e-01 1.199e-31
2.301e-01 1.143e-31
2.367e-01 1.091e-31
2.435e-01 1.047e-31
2.505e-01 1.004e-31
2.577e-01 9.630e-32
2.651e-01 9.237e-32
2.728e-01 8.860e-32
2.806e-01 8.498e-32
2.887e-01 8.186e-32
2.970e-01 7.976e-32
3.055e-01 7.772e-32
3.143e-01 7.573e-32
3.234e-01 7.378e-32
3.327e-01 7.189e-32
3.422e-01 7.005e-32
3.521e-01 6.825e-32
3.622e-01 6.649e-32
3.726e-01 6.477e-32
3.834e-01 6.309e-32
3.944e-01 6.146e-32
4.057e-01 5.987e-32
4.174e-01 5.832e-32
4.294e-01 5.701e-32
4.418e-01 5.608e-32
4.545e-01 5.517e-32
4.675e-01 5.428e-32
4.810e-01 5.340e-32
4.948e-01 5.253e-32
5.091e-01 5.168e-32
5.237e-01 4.984e-32
5.388e-01 4.658e-32
5.543e-01 4.354e-32
5.702e-01 4.069e-32
5.866e-01 3.803e-32
6.035e-01 3.554e-32
6.208e-01 3.322e-32
6.387e-01 3.095e-32
6.571e-01 2.871e-32
6.760e-01 2.664e-32
6.954e-01 2.471e-32
7.154e-01 2.293e-32
7.360e-01 2.127e-32
7.572e-01 1.974e-32
7.790e-01 1.832e-32
8.014e-01 1.703e-32
8.244e-01 1.583e-32
8.481e-01 1.471e-32
8.725e-01 1.367e-32
8.976e-01 1.271e-32
9.235e-01 1.181e-32
9.500e-01 1.101e-32
9.773e-01 1.031e-32
1.005e+00 9.652e-33
1.034e+00 9.035e-33
1.064e+00 8.457e-33
1.095e+00 7.916e-33
1.126e+00 7.410e-33
1.159e+00 6.945e-33
1.192e+00 6.517e-33
1.226e+00 6.114e-33
1.262e+00 5.737e-33
1.298e+00 5.383e-33
1.335e+00 5.050e-33
1.374e+00 4.739e-33
1.413e+00 4.443e-33
1.454e+00 4.163e-33
1.496e+00 3.901e-33
1.539e+00 3.655e-33
1.583e+00 3.425e-33
1.628e+00 3.209e-33
1.675e+00 3.007e-33
1.723e+00 2.815e-33
1.773e+00 2.634e-33
1.824e+00 2.464e-33
1.876e+00 2.306e-33
1.930e+00 2.157e-33
1.986e+00 2.019e-33
2.043e+00 1.889e-33
2.102e+00 1.763e-33
2.162e+00 1.644e-33
2.224e+00 1.533e-33
2.288e+00 1.429e-33
2.354e+00 1.333e-33
2.422e+00 1.243e-33
2.492e+00 1.159e-33
2.563e+00 1.080e-33
2.637e+00 1.006e-33
2.713e+00 9.377e-34
2.791e+00 8.737e-34
2.871e+00 8.141e-34
2.954e+00 7.586e-34
3.039e+00 7.069e-34
3.126e+00 6.594e-34
3.216e+00 6.154e-34
3.309e+00 5.743e-34
3.404e+00 5.360e-34
3.502e+00 5.002e-34
3.603e+00 4.668e-34
3.706e+00 4.357e-34
3.813e+00 4.049e-34
3.922e+00 3.760e-34
4.035e+00 3.491e-34
4.151e+00 3.241e-34
4.271e+00 3.010e-34
4.394e+00 2.794e-34
4.520e+00 2.595e-34
4.650e+00 2.409e-34
4.784e+00 2.237e-34
4.921e+00 2.077e-34
5.063e+00 1.929e-34
5.209e+00 1.791e-34
5.358e+00 1.663e-34
5.513e+00 1.544e-34
5.671e+00 1.429e-34
5.834e+00 1.321e-34
6.002e+00 1.222e-34
6.175e+00 1.130e-34
6.352e+00 1.045e-34
6.535e+00 9.667e-35
6.723e+00 8.941e-35
6.916e+00 8.326e-35
7.115e+00 7.757e-35
7.320e+00 7.228e-35
7.531e+00 6.735e-35
7.747e+00 6.275e-35
7.970e+00 5.847e-35
8.199e+00 5.448e-35
8.435e+00 5.009e-35
8.678e+00 4.604e-35
8.928e+00 4.231e-35
9.184e+00 3.888e-35
9.449e+00 3.574e-35
9.720e+00 3.284e-35
1.000e+01 3.018e-35
