# DM Mass [GeV] Xsec [cm^2]
7.488e-05 5.830e-12
8.843e-05 1.840e-13
1.044e-04 1.386e-14
1.233e-04 1.690e-15
1.456e-04 2.705e-16
1.719e-04 4.914e-17
2.030e-04 9.796e-18
2.397e-04 2.080e-18
2.831e-04 4.651e-19
3.343e-04 1.078e-19
3.947e-04 2.559e-20
4.661e-04 6.181e-21
5.504e-04 1.529e-21
6.500e-04 3.797e-22
7.675e-04 9.549e-23
9.063e-04 2.393e-23
1.070e-03 5.990e-24
1.264e-03 1.507e-24
1.492e-03 3.742e-25
1.762e-03 9.318e-26
2.081e-03 2.356e-26
2.457e-03 6.106e-27
2.901e-03 1.632e-27
3.426e-03 4.499e-28
4.046e-03 1.277e-28
4.777e-03 3.766e-29
5.641e-03 1.140e-29
6.661e-03 3.518e-30
7.866e-03 1.111e-30
9.289e-03 3.588e-31
1.097e-02 1.186e-31
1.295e-02 4.047e-32
1.529e-02 1.461e-32
1.806e-02 5.638e-33
2.133e-02 2.357e-33
2.518e-02 1.082e-33
2.974e-02 4.427e-34
3.511e-02 5.691e-35
4.146e-02 3.472e-36
4.896e-02 3.472e-37
5.782e-02 6.495e-38
6.827e-02 1.844e-38
8.062e-02 5.416e-39
9.520e-02 1.500e-39
1.124e-01 4.481e-40
1.327e-01 1.805e-40
1.568e-01 8.764e-41
1.851e-01 4.959e-41
2.186e-01 2.966e-41
2.581e-01 1.952e-41
3.048e-01 1.231e-41
3.599e-01 6.065e-42
4.250e-01 2.212e-42
5.018e-01 1.085e-42
5.926e-01 6.200e-43
6.997e-01 3.868e-43
8.263e-01 2.426e-43
9.757e-01 1.529e-43
1.152e+00 1.079e-43
1.361e+00 7.114e-44
1.607e+00 5.257e-44
1.897e+00 4.278e-44
2.240e+00 3.607e-44
2.645e+00 3.124e-44
3.124e+00 2.906e-44
3.689e+00 2.909e-44
4.356e+00 3.079e-44
5.143e+00 3.304e-44
6.073e+00 3.572e-44
7.172e+00 3.971e-44
8.469e+00 4.600e-44
1.000e+01 5.322e-44
