3.00000e-04 inf
3.78247e-04 inf
4.76901e-04 inf
6.01288e-04 2.69468e-29
7.58117e-04 4.56817e-31
9.55850e-04 3.35449e-32
1.20516e-03 4.75825e-33
1.51949e-03 9.50007e-34
1.91580e-03 2.29075e-34
2.41549e-03 6.75298e-35
3.04550e-03 2.54570e-35
3.83983e-03 1.18846e-35
4.84134e-03 6.64139e-36
6.10406e-03 4.20339e-36
7.69614e-03 2.98549e-36
9.70346e-03 2.35203e-36
1.22343e-02 1.99046e-36
1.54253e-02 1.76184e-36
1.94486e-02 1.59767e-36
2.45212e-02 1.46554e-36
3.09168e-02 1.38623e-36
3.89806e-02 1.28935e-36
4.91476e-02 1.27378e-36
6.19663e-02 1.31148e-36
7.81285e-02 1.38698e-36
9.85061e-02 1.57520e-36
1.24199e-01 1.29790e-36
1.56592e-01 1.50183e-36
1.97435e-01 1.78828e-36
2.48930e-01 2.19130e-36
3.13857e-01 2.61495e-36
3.95718e-01 3.28473e-36
4.98929e-01 3.96455e-36
6.29061e-01 4.95101e-36
7.93134e-01 6.18017e-36
1.00000e+00 7.67342e-36
