1.00000e-06 inf
1.25485e-06 inf
1.57465e-06 inf
1.97594e-06 inf
2.47951e-06 inf
3.11141e-06 inf
3.90435e-06 inf
4.89938e-06 inf
6.14798e-06 inf
7.71479e-06 inf
9.68089e-06 inf
1.21481e-05 inf
1.52440e-05 3.18681e-26
1.91289e-05 1.10424e-29
2.40039e-05 9.03745e-31
3.01213e-05 1.82381e-31
3.77976e-05 1.06371e-31
4.74304e-05 9.11131e-32
5.95179e-05 2.49788e-32
7.46860e-05 1.14245e-32
9.37197e-05 8.60096e-33
1.17604e-04 7.10675e-33
1.47575e-04 7.27993e-33
1.85185e-04 9.84011e-33
2.32379e-04 8.89944e-33
2.91601e-04 1.32119e-32
3.65915e-04 1.51319e-32
4.59168e-04 2.23615e-32
5.76187e-04 2.59880e-32
7.23028e-04 3.27445e-32
9.07291e-04 4.38920e-32
1.13851e-03 6.30923e-32
1.42866e-03 7.05744e-32
1.79276e-03 1.01200e-31
2.24964e-03 1.17854e-31
2.82296e-03 1.50704e-31
3.54239e-03 1.85612e-31
4.44516e-03 2.70382e-31
5.57800e-03 2.89074e-31
6.99955e-03 3.25396e-31
8.78339e-03 3.96920e-31
1.10218e-02 5.34513e-31
1.38307e-02 6.45403e-31
1.73555e-02 9.82184e-31
2.17785e-02 1.24605e-30
2.73287e-02 1.54916e-30
3.42935e-02 1.84966e-30
4.30331e-02 1.64435e-30
5.40001e-02 1.39480e-30
6.77620e-02 1.22824e-30
8.50310e-02 1.14627e-30
1.06701e-01 1.03984e-30
1.33894e-01 1.07269e-30
1.68017e-01 1.01499e-30
2.10835e-01 9.86695e-31
2.64567e-01 1.00907e-30
3.31991e-01 9.91984e-31
4.16599e-01 9.16936e-31
5.22769e-01 8.63619e-31
6.55996e-01 6.59790e-31
8.23176e-01 6.24991e-31
1.03296e+00 5.34590e-31
1.29621e+00 4.42923e-31
1.62655e+00 3.06529e-31
2.04108e+00 2.22596e-31
2.56124e+00 1.41615e-31
3.21397e+00 9.60085e-32
4.03305e+00 5.13886e-32
5.06087e+00 2.71899e-32
6.35063e+00 1.30946e-32
7.96908e+00 6.08231e-33
1.00000e+01 4.92526e-33
