1.03082e-03 1.52841e-28
1.04976e-03 1.01343e-28
1.08086e-03 6.75175e-29
1.09931e-03 5.16741e-29
1.14996e-03 3.05700e-29
1.17457e-03 2.07450e-29
1.20675e-03 1.47045e-29
1.24648e-03 1.07616e-29
1.29106e-03 7.76059e-30
1.33013e-03 5.53913e-30
1.37697e-03 3.95866e-30
1.42242e-03 2.83978e-30
1.47329e-03 2.06996e-30
1.52598e-03 1.51596e-30
1.58056e-03 1.10893e-30
1.63708e-03 8.14056e-31
1.69639e-03 6.03480e-31
1.76659e-03 4.44795e-31
1.84051e-03 3.25422e-31
1.91753e-03 2.42706e-31
1.99777e-03 1.81381e-31
2.08300e-03 1.34758e-31
2.18121e-03 1.00028e-31
2.28583e-03 7.35167e-32
2.39548e-03 5.43676e-32
2.51297e-03 3.96617e-32
2.64624e-03 2.85392e-32
2.78658e-03 2.07479e-32
2.92326e-03 1.51903e-32
3.07047e-03 1.12635e-32
3.24825e-03 8.42602e-33
3.44416e-03 6.21475e-33
3.64050e-03 4.83715e-33
3.89489e-03 3.77901e-33
4.14596e-03 2.87286e-33
4.37319e-03 2.28333e-33
4.64298e-03 1.85704e-33
4.95193e-03 1.46922e-33
5.28144e-03 1.15345e-33
5.63287e-03 9.10218e-34
6.00769e-03 7.20130e-34
6.40744e-03 5.69740e-34
6.83380e-03 4.50177e-34
7.28853e-03 3.61707e-34
7.77351e-03 3.02453e-34
8.29077e-03 2.53885e-34
8.84244e-03 2.13665e-34
9.43083e-03 1.80048e-34
1.00584e-02 1.51721e-34
1.07277e-02 1.27357e-34
1.14415e-02 1.07320e-34
1.22028e-02 9.23163e-35
1.30148e-02 8.05427e-35
1.38808e-02 7.06335e-35
1.48044e-02 6.17046e-35
1.57896e-02 5.41130e-35
1.68402e-02 4.72725e-35
1.79608e-02 4.15099e-35
1.91559e-02 3.64029e-35
2.04305e-02 3.26724e-35
2.17900e-02 2.95136e-35
2.32399e-02 2.65916e-35
2.47863e-02 2.40207e-35
2.64356e-02 2.16704e-35
2.81947e-02 1.94998e-35
3.00708e-02 1.76372e-35
3.20717e-02 1.59731e-35
3.42058e-02 1.46157e-35
3.64819e-02 1.34254e-35
3.89094e-02 1.23161e-35
4.14985e-02 1.12550e-35
4.42598e-02 1.04185e-35
4.72049e-02 9.48421e-36
5.03460e-02 8.60040e-36
5.36961e-02 7.89998e-36
5.72690e-02 7.28468e-36
6.10798e-02 6.70003e-36
6.51441e-02 6.15437e-36
6.94788e-02 5.66044e-36
7.41020e-02 5.19945e-36
7.90328e-02 4.76373e-36
8.42917e-02 4.37014e-36
8.99006e-02 4.02458e-36
9.58826e-02 3.70158e-36
1.02263e-01 3.40450e-36
1.09067e-01 3.13529e-36
1.16325e-01 2.88738e-36
1.24065e-01 2.65223e-36
1.32321e-01 2.44880e-36
1.41125e-01 2.24937e-36
1.50516e-01 2.05557e-36
1.60531e-01 1.88331e-36
1.71213e-01 1.71221e-36
1.82606e-01 1.57885e-36
1.94757e-01 1.44282e-36
2.07716e-01 1.32021e-36
2.21538e-01 1.21113e-36
2.36279e-01 1.10394e-36
2.52001e-01 1.00623e-36
2.68769e-01 9.03117e-37
2.86654e-01 8.25307e-37
3.05728e-01 7.51294e-37
3.26071e-01 6.82160e-37
3.47768e-01 6.18591e-37
3.70909e-01 5.61669e-37
3.95590e-01 5.06713e-37
4.21913e-01 4.58312e-37
4.49987e-01 4.12406e-37
4.79930e-01 3.72534e-37
5.11864e-01 3.35651e-37
5.45924e-01 3.02420e-37
5.82251e-01 2.72830e-37
6.20994e-01 2.44871e-37
6.62316e-01 2.17526e-37
7.06387e-01 1.93484e-37
7.53390e-01 1.72320e-37
8.03522e-01 1.53077e-37
8.56989e-01 1.36158e-37
9.14013e-01 1.21109e-37
9.76737e-01 1.10142e-37
