1.00000e-05 inf
1.21547e-05 inf
1.47738e-05 inf
1.79571e-05 inf
2.18264e-05 inf
2.65295e-05 inf
3.22459e-05 inf
3.91941e-05 inf
4.76394e-05 inf
5.79044e-05 inf
7.03814e-05 inf
8.55467e-05 inf
1.03980e-04 inf
1.26385e-04 inf
1.53617e-04 8.06415e-08
1.86718e-04 1.48111e-09
2.26951e-04 8.43598e-11
2.75853e-04 7.23916e-12
3.35292e-04 7.69141e-13
4.07539e-04 9.24411e-14
4.95354e-04 1.20248e-14
6.02089e-04 1.64588e-15
7.31824e-04 2.35827e-16
8.89513e-04 3.46364e-17
1.08118e-03 5.21530e-18
1.31415e-03 7.99107e-19
1.59731e-03 1.24350e-19
1.94149e-03 1.97163e-20
2.35983e-03 3.14065e-21
2.86832e-03 4.97217e-22
3.48637e-03 7.80902e-23
4.23759e-03 1.20487e-23
5.15068e-03 1.84038e-24
6.26052e-03 2.76135e-25
7.60950e-03 4.10042e-26
9.24915e-03 6.10918e-27
1.12421e-02 9.21947e-28
1.36645e-02 1.46066e-28
1.66088e-02 2.55277e-29
2.01876e-02 5.15093e-30
2.45375e-02 1.23232e-30
2.98247e-02 3.66425e-31
3.62512e-02 4.84179e-32
4.40624e-02 3.88122e-33
5.35567e-02 7.05362e-34
6.50968e-02 1.76096e-34
7.91234e-02 6.83451e-35
9.61725e-02 3.68786e-35
1.16895e-01 1.67219e-35
1.42083e-01 8.64926e-36
1.72698e-01 5.83941e-36
2.09910e-01 4.21098e-36
2.55141e-01 2.94728e-36
3.10117e-01 2.80214e-36
3.76939e-01 2.33737e-36
4.58160e-01 2.05590e-36
5.56881e-01 1.54792e-36
6.76875e-01 1.51849e-36
8.22724e-01 1.23139e-36
1.00000e+00 1.21672e-36
