1.00000e-04 inf
1.22168e-04 5.93511e-09
1.49250e-04 9.02882e-11
1.82335e-04 5.38342e-12
2.22754e-04 5.29211e-13
2.72134e-04 6.82083e-14
3.32460e-04 1.04316e-14
4.06159e-04 1.79368e-15
4.96195e-04 3.33285e-16
6.06190e-04 6.59409e-17
7.40568e-04 1.36007e-17
9.04736e-04 2.89782e-18
1.10530e-03 6.34488e-19
1.35031e-03 1.41690e-19
1.64965e-03 3.18957e-20
2.01534e-03 7.32265e-21
2.46209e-03 1.69105e-21
3.00788e-03 3.86746e-22
3.67466e-03 8.72273e-23
4.48925e-03 1.95559e-23
5.48442e-03 4.29499e-24
6.70019e-03 9.32045e-25
8.18547e-03 1.98757e-25
1.00000e-02 4.25688e-26
1.22168e-02 9.35450e-27
1.49250e-02 2.16325e-27
1.82335e-02 5.53767e-28
2.22754e-02 1.59716e-28
2.72134e-02 5.35149e-29
3.32460e-02 1.72656e-29
4.06159e-02 1.24767e-30
4.96195e-02 1.76093e-31
6.06190e-02 3.51839e-32
7.40568e-02 1.28657e-32
9.04736e-02 5.78803e-33
1.10530e-01 3.27031e-33
1.35031e-01 1.66248e-33
1.64965e-01 1.09319e-33
2.01534e-01 7.15117e-34
2.46209e-01 5.69238e-34
3.00788e-01 4.22405e-34
3.67466e-01 3.01093e-34
4.48925e-01 3.00252e-34
5.48442e-01 2.84621e-34
6.70019e-01 2.86781e-34
8.18547e-01 2.79016e-34
1.00000e+00 2.77386e-34
