1.00000e-02 8.47485e-30
1.22168e-02 2.97232e-30
1.49250e-02 1.10157e-30
1.82335e-02 4.65103e-31
2.22754e-02 2.17687e-31
2.72134e-02 1.20834e-31
3.32460e-02 5.27807e-32
4.06159e-02 4.10652e-33
4.96195e-02 5.35136e-34
6.06190e-02 1.28327e-34
7.40568e-02 3.77928e-35
9.04736e-02 1.50144e-35
1.10530e-01 9.15874e-36
1.35031e-01 5.47396e-36
1.64965e-01 3.57125e-36
2.01534e-01 2.39680e-36
2.46209e-01 2.03163e-36
3.00788e-01 1.59677e-36
3.67466e-01 1.33792e-36
4.48925e-01 1.22710e-36
5.48442e-01 1.16377e-36
6.70019e-01 1.17512e-36
8.18547e-01 1.15705e-36
1.00000e+00 1.17193e-36
