3.00000e-05 inf
3.47395e-05 inf
4.02278e-05 inf
4.65831e-05 inf
5.39425e-05 inf
6.24646e-05 inf
7.23330e-05 6.39523e-12
8.37604e-05 1.80701e-13
9.69932e-05 1.45646e-14
1.12317e-04 1.87620e-15
1.30061e-04 3.35697e-16
1.50608e-04 6.93332e-17
1.74402e-04 1.55961e-17
2.01955e-04 3.76447e-18
2.33860e-04 9.66547e-19
2.70806e-04 2.55857e-19
3.13590e-04 7.02555e-20
3.63132e-04 1.93122e-20
4.20501e-04 5.55943e-21
4.86933e-04 1.60032e-21
5.63860e-04 4.70405e-22
6.52941e-04 1.38399e-22
7.56095e-04 4.11168e-23
8.75546e-04 1.22618e-23
1.01387e-03 3.65328e-24
1.17404e-03 1.09803e-24
1.35952e-03 3.26147e-25
1.57431e-03 9.72878e-26
1.82302e-03 2.87875e-26
2.11103e-03 8.80851e-27
2.44454e-03 2.68803e-27
2.83074e-03 8.43697e-28
3.27795e-03 2.69389e-28
3.79581e-03 8.80075e-29
4.39549e-03 2.97326e-29
5.08990e-03 1.02534e-29
5.89402e-03 3.59426e-30
6.82518e-03 1.29973e-30
7.90345e-03 4.67776e-31
9.15207e-03 1.75530e-31
1.05980e-02 6.62423e-32
1.22723e-02 2.58506e-32
1.42111e-02 1.03855e-32
1.64562e-02 4.41061e-33
1.90560e-02 1.97474e-33
2.20666e-02 9.51561e-34
2.55527e-02 4.95402e-34
2.95896e-02 2.70422e-34
3.42643e-02 9.29679e-35
3.96775e-02 1.84288e-35
4.59459e-02 3.72661e-36
5.32047e-02 9.73304e-37
6.16101e-02 2.93061e-37
7.13435e-02 7.62701e-38
8.26147e-02 3.65041e-38
9.56665e-02 1.74605e-38
1.10780e-01 8.09779e-39
1.28282e-01 4.81198e-39
1.48548e-01 2.65543e-39
1.72016e-01 1.89309e-39
1.99192e-01 1.27431e-39
2.30661e-01 8.21322e-40
2.67102e-01 6.19469e-40
3.09300e-01 4.81984e-40
3.58164e-01 4.02561e-40
4.14749e-01 3.24508e-40
4.80272e-01 2.71782e-40
5.56147e-01 2.32056e-40
6.44010e-01 1.95535e-40
7.45753e-01 1.68241e-40
8.63570e-01 1.45751e-40
1.00000e+00 1.25652e-40
