1.00000e-03 1.82093e-10
1.22168e-03 1.40127e-11
1.49250e-03 1.07120e-12
1.82335e-03 8.16440e-14
2.22754e-03 6.18100e-15
2.72134e-03 4.51977e-16
3.32460e-03 3.23730e-17
4.06159e-03 2.26045e-18
4.96195e-03 1.54745e-19
6.06190e-03 1.03730e-20
7.40568e-03 6.88329e-22
9.04736e-03 4.58226e-23
1.10530e-02 3.13650e-24
1.35031e-02 2.31802e-25
1.64965e-02 2.00376e-26
2.01534e-02 2.21708e-27
2.46209e-02 2.75918e-28
3.00788e-02 4.13839e-29
3.67466e-02 3.15768e-30
4.48925e-02 2.35449e-31
5.48442e-02 3.95159e-32
6.70019e-02 1.09967e-32
8.18547e-02 4.58952e-33
1.00000e-01 2.07533e-33
