1.00000e-05 inf
1.24520e-05 inf
1.55052e-05 inf
1.93070e-05 inf
2.40410e-05 inf
2.99358e-05 inf
3.72759e-05 inf
4.64159e-05 inf
5.77969e-05 inf
7.19686e-05 inf
8.96151e-05 inf
1.11588e-04 inf
1.38950e-04 2.37414e+02
1.73020e-04 9.91733e-03
2.15443e-04 6.60856e-05
2.68270e-04 6.73314e-07
3.34048e-04 1.19173e-08
4.15956e-04 2.82930e-10
5.17947e-04 8.03645e-12
6.44947e-04 2.60162e-13
8.03086e-04 9.26798e-15
1.00000e-03 3.56975e-16
1.24520e-03 1.49114e-17
1.55052e-03 6.69162e-19
1.93070e-03 3.30709e-20
2.40410e-03 1.76126e-21
2.99358e-03 9.94572e-23
3.72759e-03 5.93084e-24
4.64159e-03 3.67291e-25
5.77969e-03 2.27800e-26
7.19686e-03 1.42565e-27
8.96151e-03 8.87221e-29
1.11588e-02 5.76272e-30
1.38950e-02 4.09653e-31
1.73020e-02 3.45768e-32
2.15443e-02 3.82135e-33
2.68270e-02 5.63362e-34
3.34048e-02 8.82048e-35
4.15956e-02 2.47986e-36
5.17947e-02 1.65844e-37
6.44947e-02 2.43545e-38
8.03086e-02 5.92342e-39
1.00000e-01 1.79646e-39
1.24520e-01 4.68762e-40
1.55052e-01 1.64914e-40
1.93070e-01 8.10017e-41
2.40410e-01 3.75344e-41
2.99358e-01 2.28867e-41
3.72759e-01 1.37062e-41
4.64159e-01 8.42326e-42
5.77969e-01 5.48711e-42
7.19686e-01 3.32049e-42
8.96151e-01 2.48487e-42
1.11588e+00 1.86864e-42
1.38950e+00 1.41554e-42
1.73020e+00 1.13335e-42
2.15443e+00 9.60901e-43
2.68270e+00 8.78995e-43
3.34048e+00 8.44928e-43
4.15956e+00 8.85829e-43
5.17947e+00 9.89440e-43
6.44947e+00 1.13795e-42
8.03086e+00 1.35483e-42
1.00000e+01 1.62458e-42
