1.00000e-03 6.04890e-17
1.21648e-03 3.79705e-18
1.47983e-03 2.52636e-19
1.80019e-03 1.82769e-20
2.18991e-03 1.43630e-21
2.66399e-03 1.21161e-22
3.24070e-03 1.09361e-23
3.94225e-03 1.04789e-24
4.79569e-03 1.04939e-25
5.83388e-03 1.06223e-26
7.09682e-03 1.08260e-27
8.63317e-03 1.10070e-28
1.05021e-02 1.14141e-29
1.27756e-02 1.24222e-30
1.55414e-02 1.49255e-31
1.89058e-02 2.12604e-32
2.29986e-02 3.59490e-33
2.79775e-02 7.81872e-34
3.40341e-02 1.31757e-34
4.14020e-02 5.77824e-36
5.03649e-02 5.04943e-37
6.12680e-02 8.13410e-38
7.45316e-02 2.10831e-38
9.06665e-02 6.90696e-39
1.10294e-01 2.39483e-39
1.34171e-01 7.46402e-40
1.63217e-01 3.29160e-40
1.98551e-01 1.68351e-40
2.41534e-01 9.42804e-41
2.93823e-01 6.40764e-41
3.57430e-01 3.78309e-41
4.34808e-01 2.91647e-41
5.28937e-01 1.49779e-41
6.43444e-01 1.06020e-41
7.82739e-01 8.18328e-42
9.52190e-01 6.49736e-42
1.15832e+00 4.97755e-42
1.40908e+00 4.06307e-42
1.71413e+00 3.37663e-42
2.08521e+00 2.90374e-42
2.53662e+00 2.62565e-42
3.08576e+00 2.50443e-42
3.75377e+00 2.57617e-42
4.56641e+00 2.76335e-42
5.55496e+00 3.06994e-42
6.75752e+00 3.49203e-42
8.22041e+00 4.09046e-42
1.00000e+01 4.84602e-42
