# DM Mass [GeV] Xsec [cm^2]
3.919e-05 1.008e-28
4.522e-05 9.877e-30
5.216e-05 2.464e-30
6.018e-05 1.172e-30
6.942e-05 7.459e-31
8.009e-05 5.686e-31
9.239e-05 4.744e-31
1.066e-04 4.272e-31
1.230e-04 4.143e-31
1.418e-04 4.221e-31
1.636e-04 4.451e-31
1.888e-04 4.843e-31
2.178e-04 5.440e-31
2.512e-04 6.199e-31
2.898e-04 7.158e-31
3.344e-04 8.381e-31
3.857e-04 9.901e-31
4.450e-04 1.172e-30
5.134e-04 1.392e-30
5.922e-04 1.659e-30
6.832e-04 1.970e-30
7.882e-04 2.332e-30
9.093e-04 2.754e-30
1.049e-03 3.265e-30
1.210e-03 3.841e-30
1.396e-03 4.497e-30
1.611e-03 5.244e-30
1.858e-03 6.082e-30
2.143e-03 7.049e-30
2.473e-03 8.152e-30
2.853e-03 9.393e-30
3.291e-03 1.079e-29
3.796e-03 1.239e-29
4.380e-03 1.421e-29
5.053e-03 1.620e-29
5.829e-03 1.850e-29
6.724e-03 2.106e-29
7.757e-03 2.390e-29
8.949e-03 2.705e-29
1.032e-02 3.047e-29
1.191e-02 3.427e-29
1.374e-02 3.854e-29
1.585e-02 4.325e-29
1.829e-02 4.848e-29
2.110e-02 5.433e-29
2.434e-02 6.093e-29
2.807e-02 5.197e-29
3.239e-02 4.401e-29
3.736e-02 3.662e-29
4.310e-02 6.827e-30
4.973e-02 1.572e-30
5.737e-02 4.719e-31
6.618e-02 1.799e-31
7.635e-02 8.946e-32
8.808e-02 5.245e-32
1.016e-01 3.063e-32
1.172e-01 1.630e-32
1.352e-01 9.445e-33
1.560e-01 6.134e-33
1.800e-01 4.341e-33
2.076e-01 3.273e-33
2.395e-01 2.686e-33
2.763e-01 2.264e-33
3.188e-01 1.941e-33
3.677e-01 1.681e-33
4.242e-01 1.490e-33
4.894e-01 1.336e-33
5.646e-01 1.203e-33
6.513e-01 1.035e-33
7.514e-01 9.196e-34
8.668e-01 7.937e-34
1.000e+00 6.383e-34
