1.00000e-03 inf
1.21819e-03 inf
1.48398e-03 9.10709e-35
1.80777e-03 1.25645e-36
2.20220e-03 1.38760e-37
2.68270e-03 4.18361e-38
3.26803e-03 1.72410e-38
3.98107e-03 1.03943e-38
4.84969e-03 7.44894e-39
5.90784e-03 5.86999e-39
7.19686e-03 4.99776e-39
8.76712e-03 4.74461e-39
1.06800e-02 4.75068e-39
1.30103e-02 4.97930e-39
1.58489e-02 5.37981e-39
1.93070e-02 5.92789e-39
2.35195e-02 6.64681e-39
2.86512e-02 7.70776e-39
3.49025e-02 8.88419e-39
4.25179e-02 1.03651e-38
5.17947e-02 1.22346e-38
6.30957e-02 1.48372e-38
7.68625e-02 1.76863e-38
9.36329e-02 2.10923e-38
1.14062e-01 2.54569e-38
1.38950e-01 3.05721e-38
1.69267e-01 3.69429e-38
2.06199e-01 4.57882e-38
2.51189e-01 5.42355e-38
3.05995e-01 6.43044e-38
3.72759e-01 8.05833e-38
4.54091e-01 9.80564e-38
5.53168e-01 1.15373e-37
6.73863e-01 1.43675e-37
8.20891e-01 1.74258e-37
1.00000e+00 2.11519e-37
