1.00000e-05 inf
1.21648e-05 inf
1.47983e-05 inf
1.80019e-05 inf
2.18991e-05 inf
2.66399e-05 inf
3.24070e-05 inf
3.94225e-05 inf
4.79569e-05 inf
5.83388e-05 inf
7.09682e-05 2.26261e-12
8.63317e-05 1.92505e-14
1.05021e-04 8.27327e-16
1.27756e-04 7.59972e-17
1.55414e-04 9.76170e-18
1.89058e-04 1.43893e-18
2.29986e-04 2.31070e-19
2.79775e-04 3.76076e-20
3.40341e-04 7.15886e-21
4.14020e-04 1.24579e-21
5.03649e-04 2.55132e-22
6.12680e-04 5.08200e-23
7.45316e-04 1.01905e-23
9.06665e-04 2.15284e-24
1.10294e-03 4.17629e-25
1.34171e-03 9.20321e-26
1.63217e-03 2.07896e-26
1.98551e-03 4.39601e-27
2.41534e-03 9.93980e-28
2.93823e-03 2.20206e-28
3.57430e-03 5.43962e-29
4.34808e-03 1.31806e-29
5.28937e-03 3.27326e-30
6.43444e-03 8.27461e-31
7.82739e-03 2.13924e-31
9.52190e-03 5.87520e-32
1.15832e-02 1.69386e-32
1.40908e-02 5.15851e-33
1.71413e-02 1.70115e-33
2.08521e-02 6.39370e-34
2.53662e-02 2.65347e-34
3.08576e-02 1.15440e-34
3.75377e-02 3.28825e-35
4.56641e-02 7.54262e-36
5.55496e-02 1.89461e-36
6.75752e-02 4.78133e-37
8.22041e-02 1.65925e-37
1.00000e-01 7.08426e-38
