1.00000e-05 inf
1.21547e-05 inf
1.47738e-05 inf
1.79571e-05 inf
2.18264e-05 inf
2.65295e-05 inf
3.22459e-05 inf
3.91941e-05 1.00763e-28
4.76394e-05 4.22756e-30
5.79044e-05 1.32336e-30
7.03814e-05 7.14184e-31
8.55467e-05 5.06108e-31
1.03980e-04 4.29469e-31
1.26385e-04 4.11830e-31
1.53617e-04 4.29263e-31
1.86718e-04 4.80016e-31
2.26951e-04 5.62514e-31
2.75853e-04 6.77725e-31
3.35292e-04 8.40682e-31
4.07539e-04 1.05563e-30
4.95354e-04 1.33191e-30
6.02089e-04 1.69280e-30
7.31824e-04 2.13922e-30
8.89513e-04 2.68258e-30
1.08118e-03 3.38423e-30
1.31415e-03 4.21301e-30
1.59731e-03 5.19887e-30
1.94149e-03 6.36559e-30
2.35983e-03 7.78266e-30
2.86832e-03 9.44384e-30
3.48637e-03 1.14088e-29
4.23759e-03 1.37802e-29
5.15068e-03 1.64941e-29
6.26052e-03 1.97674e-29
7.60950e-03 2.35070e-29
9.24915e-03 2.78330e-29
1.12421e-02 3.26806e-29
1.36645e-02 3.83704e-29
1.66088e-02 4.49088e-29
2.01876e-02 5.24412e-29
2.45375e-02 6.13356e-29
2.98247e-02 4.82443e-29
3.62512e-02 3.88145e-29
4.40624e-02 2.66826e-29
5.35567e-02 6.10921e-30
6.50968e-02 2.01010e-30
7.91234e-02 8.43330e-31
9.61725e-02 4.56616e-31
1.16895e-01 2.75906e-31
1.42083e-01 1.97652e-31
1.72698e-01 1.57445e-31
2.09910e-01 1.20104e-31
2.55141e-01 1.11792e-31
3.10117e-01 9.59109e-32
3.76939e-01 8.18407e-32
4.58160e-01 7.49269e-32
5.56881e-01 6.52570e-32
6.76875e-01 4.88396e-32
8.22724e-01 4.72512e-32
1.00000e+00 2.57987e-32
