1.00000e-06 inf
1.25485e-06 inf
1.57465e-06 inf
1.97594e-06 inf
2.47951e-06 inf
3.11141e-06 inf
3.90435e-06 inf
4.89938e-06 inf
6.14798e-06 inf
7.71479e-06 inf
9.68089e-06 inf
1.21481e-05 inf
1.52440e-05 1.55950e-26
1.91289e-05 5.75006e-30
2.40039e-05 4.95515e-31
3.01213e-05 1.02625e-31
3.77976e-05 5.12524e-32
4.74304e-05 3.49065e-32
5.95179e-05 9.21147e-33
7.46860e-05 4.90315e-33
9.37197e-05 3.49348e-33
1.17604e-04 3.29173e-33
1.47575e-04 3.18424e-33
1.85185e-04 3.65123e-33
2.32379e-04 4.63179e-33
2.91601e-04 5.82217e-33
3.65915e-04 7.00538e-33
4.59168e-04 9.11473e-33
5.76187e-04 1.23378e-32
7.23028e-04 1.66442e-32
9.07291e-04 2.06131e-32
1.13851e-03 2.91808e-32
1.42866e-03 3.51496e-32
1.79276e-03 4.50690e-32
2.24964e-03 5.83344e-32
2.82296e-03 6.79002e-32
3.54239e-03 9.00933e-32
4.44516e-03 1.12132e-31
5.57800e-03 1.35763e-31
6.99955e-03 1.65582e-31
8.78339e-03 2.01427e-31
1.10218e-02 2.44861e-31
1.38307e-02 3.02281e-31
1.73555e-02 3.49614e-31
2.17785e-02 4.51922e-31
2.73287e-02 5.75274e-31
3.42935e-02 7.49632e-31
4.30331e-02 9.12345e-31
5.40001e-02 8.48619e-31
6.77620e-02 6.81388e-31
8.50310e-02 4.93979e-31
1.06701e-01 2.87099e-31
1.33894e-01 2.35856e-31
1.68017e-01 2.13455e-31
2.10835e-01 1.73507e-31
2.64567e-01 1.60343e-31
3.31991e-01 1.43172e-31
4.16599e-01 1.30218e-31
5.22769e-01 1.14850e-31
6.55996e-01 9.97372e-32
8.23176e-01 8.10795e-32
1.03296e+00 7.57822e-32
1.29621e+00 6.17594e-32
1.62655e+00 4.40175e-32
2.04108e+00 2.83135e-32
2.56124e+00 2.08036e-32
3.21397e+00 1.26158e-32
4.03305e+00 7.53263e-33
5.06087e+00 5.04623e-33
6.35063e+00 1.98379e-33
7.96908e+00 5.82011e-34
1.00000e+01 2.58275e-34
