3.00000e-05 inf
3.47395e-05 inf
4.02278e-05 inf
4.65831e-05 inf
5.39425e-05 inf
6.24646e-05 inf
7.23330e-05 inf
8.37604e-05 inf
9.69932e-05 inf
1.12317e-04 inf
1.30061e-04 2.52377e-06
1.50608e-04 6.21540e-09
1.74402e-04 7.16811e-10
2.01955e-04 1.18333e-10
2.33860e-04 1.81827e-11
2.70806e-04 3.02746e-12
3.13590e-04 5.68263e-13
3.63132e-04 1.15572e-13
4.20501e-04 2.46849e-14
4.86933e-04 5.48020e-15
5.63860e-04 1.24948e-15
6.52941e-04 2.90121e-16
7.56095e-04 6.84235e-17
8.75546e-04 1.63911e-17
1.01387e-03 3.98324e-18
1.17404e-03 9.76650e-19
1.35952e-03 2.40808e-19
1.57431e-03 5.97151e-20
1.82302e-03 1.50710e-20
2.11103e-03 3.81779e-21
2.44454e-03 9.66048e-22
2.83074e-03 2.44925e-22
3.27795e-03 6.16253e-23
3.79581e-03 1.55473e-23
4.39549e-03 3.88897e-24
5.08990e-03 9.69991e-25
5.89402e-03 2.41201e-25
6.82518e-03 5.93518e-26
7.90345e-03 1.46705e-26
9.15207e-03 3.64357e-27
1.05980e-02 9.21890e-28
1.22723e-02 2.39720e-28
1.42111e-02 6.56332e-29
1.64562e-02 1.91128e-29
1.90560e-02 6.21541e-30
2.20666e-02 2.19434e-30
2.55527e-02 8.76500e-31
2.95896e-02 4.04957e-31
3.42643e-02 1.21277e-31
3.96775e-02 1.51217e-32
4.59459e-02 2.67867e-33
5.32047e-02 6.82007e-34
6.16101e-02 2.50817e-34
7.13435e-02 1.12158e-34
8.26147e-02 5.80564e-35
9.56665e-02 3.52430e-35
1.10780e-01 1.99911e-35
1.28282e-01 1.20352e-35
1.48548e-01 8.38082e-36
1.72016e-01 5.38694e-36
1.99192e-01 4.24027e-36
2.30661e-01 3.07806e-36
2.67102e-01 2.84238e-36
3.09300e-01 2.43225e-36
3.58164e-01 2.30372e-36
4.14749e-01 1.82609e-36
4.80272e-01 1.84300e-36
5.56147e-01 1.70377e-36
6.44010e-01 1.40608e-36
7.45753e-01 1.24412e-36
8.63570e-01 1.33561e-36
1.00000e+00 1.30327e-36
