1.00000e-02 inf
1.22168e-02 inf
1.49250e-02 inf
1.82335e-02 1.95663e-22
2.22754e-02 2.39815e-28
2.72134e-02 7.52909e-31
3.32460e-02 1.23484e-32
4.06159e-02 4.07985e-34
4.96195e-02 2.86021e-35
6.06190e-02 4.17470e-36
7.40568e-02 1.04479e-36
9.04736e-02 2.12880e-37
1.10530e-01 4.65287e-38
1.35031e-01 1.57883e-38
1.64965e-01 7.23621e-39
2.01534e-01 3.64939e-39
2.46209e-01 2.14717e-39
3.00788e-01 1.36147e-39
3.67466e-01 4.91531e-40
4.48925e-01 1.75469e-40
5.48442e-01 8.73673e-41
6.70019e-01 4.64093e-41
8.18547e-01 2.55424e-41
1.00000e+00 1.41780e-41
