3.00000e-05 inf
3.47395e-05 inf
4.02278e-05 inf
4.65831e-05 2.69213e-19
5.39425e-05 5.27530e-21
6.24646e-05 6.70997e-22
7.23330e-05 1.50926e-22
8.37604e-05 4.58757e-23
9.69932e-05 1.66910e-23
1.12317e-04 6.93117e-24
1.30061e-04 3.13011e-24
1.50608e-04 1.52588e-24
1.74402e-04 7.69306e-25
2.01955e-04 4.13992e-25
2.33860e-04 1.60523e-27
2.70806e-04 2.22971e-28
3.13590e-04 6.96231e-29
3.63132e-04 3.18901e-29
4.20501e-04 1.83637e-29
4.86933e-04 1.21087e-29
5.63860e-04 8.92356e-30
6.52941e-04 6.87360e-30
7.56095e-04 5.52020e-30
8.75546e-04 4.50783e-30
1.01387e-03 3.77679e-30
1.17404e-03 3.15002e-30
1.35952e-03 2.68548e-30
1.57431e-03 2.29710e-30
1.82302e-03 1.92233e-30
2.11103e-03 1.64953e-30
2.44454e-03 1.42234e-30
2.83074e-03 1.20967e-30
3.27795e-03 1.05155e-30
3.79581e-03 9.05273e-31
4.39549e-03 7.76320e-31
5.08990e-03 6.62225e-31
5.89402e-03 5.70999e-31
6.82518e-03 4.85845e-31
7.90345e-03 4.17486e-31
9.15207e-03 3.64786e-31
1.05980e-02 3.15047e-31
1.22723e-02 2.73000e-31
1.42111e-02 2.41611e-31
1.64562e-02 2.16435e-31
1.90560e-02 1.99465e-31
2.20666e-02 1.89412e-31
2.55527e-02 1.86614e-31
2.95896e-02 1.87861e-31
3.42643e-02 1.16748e-31
3.96775e-02 4.60432e-32
4.59459e-02 1.68481e-32
5.32047e-02 7.03256e-33
6.16101e-02 3.37667e-33
7.13435e-02 1.17537e-33
8.26147e-02 8.08560e-34
9.56665e-02 4.36475e-34
1.10780e-01 3.31301e-34
1.28282e-01 2.60358e-34
1.48548e-01 2.03523e-34
1.72016e-01 1.80930e-34
1.99192e-01 1.63415e-34
2.30661e-01 1.38009e-34
2.67102e-01 1.35555e-34
3.09300e-01 1.35757e-34
3.58164e-01 1.38568e-34
4.14749e-01 1.40611e-34
4.80272e-01 1.44840e-34
5.56147e-01 1.48327e-34
6.44010e-01 1.51399e-34
7.45753e-01 1.54163e-34
8.63570e-01 1.56036e-34
1.00000e+00 1.57081e-34
