1.00000e-03 inf
1.21819e-03 inf
1.48398e-03 4.37056e-34
1.80777e-03 4.10366e-36
2.20220e-03 7.09412e-37
2.68270e-03 2.35929e-37
3.26803e-03 1.12987e-37
3.98107e-03 7.17593e-38
4.84969e-03 5.33397e-38
5.90784e-03 4.31411e-38
7.19686e-03 3.91213e-38
8.76712e-03 3.73249e-38
1.06800e-02 3.67854e-38
1.30103e-02 3.93928e-38
1.58489e-02 4.20414e-38
1.93070e-02 4.68451e-38
2.35195e-02 5.16493e-38
2.86512e-02 5.97958e-38
3.49025e-02 7.07323e-38
4.25179e-02 8.09039e-38
5.17947e-02 9.83251e-38
6.30957e-02 1.11292e-37
7.68625e-02 1.34230e-37
9.36329e-02 1.62530e-37
1.14062e-01 1.92559e-37
1.38950e-01 2.35421e-37
1.69267e-01 2.82234e-37
2.06199e-01 3.42684e-37
2.51189e-01 4.11945e-37
3.05995e-01 4.74456e-37
3.72759e-01 6.08622e-37
4.54091e-01 7.16900e-37
5.53168e-01 8.82544e-37
6.73863e-01 1.07184e-36
8.20891e-01 1.30783e-36
1.00000e+00 1.61253e-36
