3.00000e-05 inf
3.47395e-05 inf
4.02278e-05 inf
4.65831e-05 inf
5.39425e-05 inf
6.24646e-05 inf
7.23330e-05 inf
8.37604e-05 inf
9.69932e-05 inf
1.12317e-04 inf
1.30061e-04 inf
1.50608e-04 inf
1.74402e-04 inf
2.01955e-04 inf
2.33860e-04 inf
2.70806e-04 inf
3.13590e-04 inf
3.63132e-04 inf
4.20501e-04 inf
4.86933e-04 inf
5.63860e-04 inf
6.52941e-04 inf
7.56095e-04 inf
8.75546e-04 inf
1.01387e-03 inf
1.17404e-03 inf
1.35952e-03 inf
1.57431e-03 inf
1.82302e-03 inf
2.11103e-03 inf
2.44454e-03 inf
2.83074e-03 inf
3.27795e-03 inf
3.79581e-03 inf
4.39549e-03 inf
5.08990e-03 inf
5.89402e-03 inf
6.82518e-03 inf
7.90345e-03 inf
9.15207e-03 inf
1.05980e-02 inf
1.22723e-02 inf
1.42111e-02 inf
1.64562e-02 inf
1.90560e-02 5.89987e-25
2.20666e-02 9.01143e-28
2.55527e-02 1.66412e-29
2.95896e-02 9.67942e-31
3.42643e-02 9.20131e-32
3.96775e-02 9.18863e-33
4.59459e-02 1.41427e-33
5.32047e-02 3.40052e-34
6.16101e-02 1.18967e-34
7.13435e-02 5.47554e-35
8.26147e-02 2.75219e-35
9.56665e-02 9.53049e-36
1.10780e-01 4.50005e-36
1.28282e-01 2.45243e-36
1.48548e-01 1.65190e-36
1.72016e-01 1.18156e-36
1.99192e-01 9.33814e-37
2.30661e-01 7.66066e-37
2.67102e-01 6.86009e-37
3.09300e-01 5.74914e-37
3.58164e-01 3.06776e-37
4.14749e-01 1.92296e-37
4.80272e-01 1.30795e-37
5.56147e-01 9.54413e-38
6.44010e-01 6.91555e-38
7.45753e-01 4.98674e-38
8.63570e-01 4.01750e-38
1.00000e+00 3.12149e-38
