1.00000e-03 inf
1.21819e-03 inf
1.48398e-03 8.35720e-35
1.80777e-03 6.62075e-37
2.20220e-03 6.99819e-38
2.68270e-03 1.79959e-38
3.26803e-03 6.95037e-39
3.98107e-03 3.73873e-39
4.84969e-03 2.57483e-39
5.90784e-03 1.86417e-39
7.19686e-03 1.54697e-39
8.76712e-03 1.37948e-39
1.06800e-02 1.33697e-39
1.30103e-02 1.34609e-39
1.58489e-02 1.38683e-39
1.93070e-02 1.48670e-39
2.35195e-02 1.75035e-39
2.86512e-02 1.96559e-39
3.49025e-02 2.16092e-39
4.25179e-02 2.59847e-39
5.17947e-02 3.02569e-39
6.30957e-02 3.61924e-39
7.68625e-02 4.12747e-39
9.36329e-02 5.04849e-39
1.14062e-01 5.93195e-39
1.38950e-01 7.23632e-39
1.69267e-01 8.39738e-39
2.06199e-01 1.05942e-38
2.51189e-01 1.27176e-38
3.05995e-01 1.54165e-38
3.72759e-01 1.90719e-38
4.54091e-01 2.24517e-38
5.53168e-01 2.71657e-38
6.73863e-01 3.22198e-38
8.20891e-01 4.02778e-38
1.00000e+00 4.95681e-38
