3.00000e-05 inf
3.47395e-05 inf
4.02278e-05 inf
4.65831e-05 5.42558e-21
5.39425e-05 1.43754e-22
6.24646e-05 2.07369e-23
7.23330e-05 5.15240e-24
8.37604e-05 1.71102e-24
9.69932e-05 4.08899e-29
1.12317e-04 1.75159e-30
1.30061e-04 3.79716e-31
1.50608e-04 1.57216e-31
1.74402e-04 9.56899e-32
2.01955e-04 6.87264e-32
2.33860e-04 6.07580e-32
2.70806e-04 5.72064e-32
3.13590e-04 6.00799e-32
3.63132e-04 5.88104e-32
4.20501e-04 6.90002e-32
4.86933e-04 7.55335e-32
5.63860e-04 8.20496e-32
6.52941e-04 8.43798e-32
7.56095e-04 8.01808e-32
8.75546e-04 7.10291e-32
1.01387e-03 6.20720e-32
1.17404e-03 5.23188e-32
1.35952e-03 4.53460e-32
1.57431e-03 3.81221e-32
1.82302e-03 3.33997e-32
2.11103e-03 2.76494e-32
2.44454e-03 2.41652e-32
2.83074e-03 2.13757e-32
3.27795e-03 1.81814e-32
3.79581e-03 1.59911e-32
4.39549e-03 1.37183e-32
5.08990e-03 1.25391e-32
5.89402e-03 1.09797e-32
6.82518e-03 9.78272e-33
7.90345e-03 8.83775e-33
9.15207e-03 7.75128e-33
1.05980e-02 7.31128e-33
1.22723e-02 6.97700e-33
1.42111e-02 6.70001e-33
1.64562e-02 6.80580e-33
1.90560e-02 6.92483e-33
2.20666e-02 7.32435e-33
2.55527e-02 8.28888e-33
2.95896e-02 9.32542e-33
3.42643e-02 8.57541e-33
3.96775e-02 5.08480e-33
4.59459e-02 2.92297e-33
5.32047e-02 1.77847e-33
6.16101e-02 9.55460e-34
7.13435e-02 5.45189e-34
8.26147e-02 3.91677e-34
9.56665e-02 2.90026e-34
1.10780e-01 2.26260e-34
1.28282e-01 1.80447e-34
1.48548e-01 1.58146e-34
1.72016e-01 1.46923e-34
1.99192e-01 1.26845e-34
2.30661e-01 1.24032e-34
2.67102e-01 1.23804e-34
3.09300e-01 1.27661e-34
3.58164e-01 1.31717e-34
4.14749e-01 1.35613e-34
4.80272e-01 1.41093e-34
5.56147e-01 1.45636e-34
6.44010e-01 1.48940e-34
7.45753e-01 1.52625e-34
8.63570e-01 1.51581e-34
1.00000e+00 1.62174e-34
