3.00000e-05 inf
3.47395e-05 inf
4.02278e-05 inf
4.65831e-05 inf
5.39425e-05 inf
6.24646e-05 inf
7.23330e-05 inf
8.37604e-05 inf
9.69932e-05 1.90645e-08
1.12317e-04 3.71605e-13
1.30061e-04 6.19767e-14
1.50608e-04 1.81623e-14
1.74402e-04 5.54571e-15
2.01955e-04 1.58992e-15
2.33860e-04 4.14698e-16
2.70806e-04 1.11204e-16
3.13590e-04 3.16263e-17
3.63132e-04 9.28441e-18
4.20501e-04 2.82117e-18
4.86933e-04 8.72977e-19
5.63860e-04 2.75948e-19
6.52941e-04 8.87085e-20
7.56095e-04 2.89083e-20
8.75546e-04 9.50827e-21
1.01387e-03 3.15569e-21
1.17404e-03 1.05950e-21
1.35952e-03 3.57532e-22
1.57431e-03 1.21235e-22
1.82302e-03 4.16071e-23
2.11103e-03 1.44139e-23
2.44454e-03 4.99340e-24
2.83074e-03 1.73505e-24
3.27795e-03 5.98654e-25
3.79581e-03 2.07375e-25
4.39549e-03 7.18503e-26
5.08990e-03 2.48572e-26
5.89402e-03 8.58364e-27
6.82518e-03 2.96658e-27
7.90345e-03 1.02987e-27
9.15207e-03 3.58250e-28
1.05980e-02 1.26516e-28
1.22723e-02 4.58438e-29
1.42111e-02 1.72851e-29
1.64562e-02 6.87332e-30
1.90560e-02 2.96207e-30
2.20666e-02 1.37448e-30
2.55527e-02 7.01453e-31
2.95896e-02 3.93871e-31
3.42643e-02 1.39773e-31
3.96775e-02 1.88260e-32
4.59459e-02 3.56635e-33
5.32047e-02 9.97350e-34
6.16101e-02 3.36258e-34
7.13435e-02 1.51375e-34
8.26147e-02 7.78436e-35
9.56665e-02 4.82763e-35
1.10780e-01 2.98159e-35
1.28282e-01 1.99562e-35
1.48548e-01 1.39335e-35
1.72016e-01 9.17786e-36
1.99192e-01 7.30235e-36
2.30661e-01 5.88493e-36
2.67102e-01 4.71776e-36
3.09300e-01 4.00229e-36
3.58164e-01 3.16961e-36
4.14749e-01 3.24403e-36
4.80272e-01 2.97838e-36
5.56147e-01 2.91757e-36
6.44010e-01 2.89358e-36
7.45753e-01 2.80656e-36
8.63570e-01 2.77725e-36
1.00000e+00 2.76991e-36
