1.00000e-01 inf
1.21819e-01 inf
1.48398e-01 inf
1.80777e-01 4.28513e-40
2.20220e-01 4.47214e-41
2.68270e-01 1.25655e-41
3.26803e-01 5.14539e-42
3.98107e-01 2.66831e-42
4.84969e-01 1.57051e-42
5.90784e-01 1.02053e-42
7.19686e-01 6.78977e-43
8.76712e-01 4.65366e-43
1.06800e+00 3.22805e-43
1.30103e+00 2.29258e-43
1.58489e+00 1.67973e-43
1.93070e+00 1.26993e-43
2.35195e+00 9.91339e-44
2.86512e+00 7.98900e-44
3.49025e+00 6.61220e-44
4.25179e+00 5.57578e-44
5.17947e+00 4.77628e-44
6.30957e+00 4.14561e-44
7.68625e+00 3.63182e-44
9.36329e+00 3.21727e-44
1.14062e+01 2.88128e-44
1.38950e+01 2.61174e-44
1.69267e+01 2.40316e-44
2.06199e+01 2.25080e-44
2.51189e+01 2.15032e-44
3.05995e+01 2.10043e-44
3.72759e+01 2.09744e-44
4.54091e+01 2.14284e-44
5.53168e+01 2.24646e-44
6.73863e+01 2.41457e-44
8.20891e+01 2.65433e-44
1.00000e+02 2.97694e-44
