1.00000e-03 5.02839e-13
1.21819e-03 4.86805e-14
1.48398e-03 4.72990e-15
1.80777e-03 4.73140e-16
2.20220e-03 4.75994e-17
2.68270e-03 4.75083e-18
3.26803e-03 4.68829e-19
3.98107e-03 4.54523e-20
4.84969e-03 4.26626e-21
5.90784e-03 3.99572e-22
7.19686e-03 3.62259e-23
8.76712e-03 3.23977e-24
1.06800e-02 2.93947e-25
1.30103e-02 2.76564e-26
1.58489e-02 2.97461e-27
1.93070e-02 3.82844e-28
2.35195e-02 6.28128e-29
2.86512e-02 1.04299e-29
3.49025e-02 1.97436e-30
4.25179e-02 4.75899e-31
5.17947e-02 1.48788e-31
6.30957e-02 5.88256e-32
7.68625e-02 2.82870e-32
9.36329e-02 1.63414e-32
1.14062e-01 1.08599e-32
1.38950e-01 7.75724e-33
1.69267e-01 7.01959e-33
2.06199e-01 6.77153e-33
2.51189e-01 6.83698e-33
3.05995e-01 7.06057e-33
3.72759e-01 7.38293e-33
4.54091e-01 7.76613e-33
5.53168e-01 8.11583e-33
6.73863e-01 8.42385e-33
8.20891e-01 8.64113e-33
1.00000e+00 8.75184e-33
