3.00000e-05 inf
3.47395e-05 inf
4.02278e-05 inf
4.65831e-05 inf
5.39425e-05 inf
6.24646e-05 inf
7.23330e-05 7.98373e-12
8.37604e-05 2.26754e-13
9.69932e-05 1.87429e-14
1.12317e-04 2.44595e-15
1.30061e-04 4.24488e-16
1.50608e-04 8.81679e-17
1.74402e-04 2.03936e-17
2.01955e-04 4.85716e-18
2.33860e-04 1.25043e-18
2.70806e-04 3.18485e-19
3.13590e-04 8.84118e-20
3.63132e-04 2.44337e-20
4.20501e-04 7.25515e-21
4.86933e-04 2.05225e-21
5.63860e-04 5.95552e-22
6.52941e-04 1.76164e-22
7.56095e-04 5.36736e-23
8.75546e-04 1.51237e-23
1.01387e-03 4.48567e-24
1.17404e-03 1.40300e-24
1.35952e-03 4.15068e-25
1.57431e-03 1.21421e-25
1.82302e-03 3.53578e-26
2.11103e-03 1.12056e-26
2.44454e-03 3.39167e-27
2.83074e-03 1.04397e-27
3.27795e-03 3.34945e-28
3.79581e-03 1.11424e-28
4.39549e-03 3.76919e-29
5.08990e-03 1.27387e-29
5.89402e-03 4.41173e-30
6.82518e-03 1.57937e-30
7.90345e-03 5.82740e-31
9.15207e-03 2.12043e-31
1.05980e-02 8.11098e-32
1.22723e-02 3.21097e-32
1.42111e-02 1.27868e-32
1.64562e-02 5.48084e-33
1.90560e-02 2.37379e-33
2.20666e-02 1.12410e-33
2.55527e-02 5.73144e-34
2.95896e-02 2.95536e-34
3.42643e-02 1.40143e-34
3.96775e-02 5.81062e-35
4.59459e-02 2.40909e-35
5.32047e-02 8.41937e-36
6.16101e-02 3.40670e-36
7.13435e-02 1.53253e-36
8.26147e-02 8.04732e-37
9.56665e-02 4.14713e-37
1.10780e-01 2.58232e-37
1.28282e-01 1.45626e-37
1.48548e-01 1.08595e-37
1.72016e-01 6.65400e-38
1.99192e-01 5.09496e-38
2.30661e-01 3.96631e-38
2.67102e-01 3.20310e-38
3.09300e-01 2.64360e-38
3.58164e-01 2.18438e-38
4.14749e-01 1.82943e-38
4.80272e-01 1.55832e-38
5.56147e-01 1.33090e-38
6.44010e-01 1.14664e-38
7.45753e-01 9.88160e-39
8.63570e-01 8.57108e-39
1.00000e+00 7.44681e-39
