8.00000e-03 inf
9.06498e-03 inf
1.02717e-02 inf
1.16391e-02 inf
1.31886e-02 inf
1.49443e-02 inf
1.69337e-02 inf
1.91879e-02 inf
2.17423e-02 inf
2.46367e-02 inf
2.79164e-02 inf
3.16327e-02 inf
3.58437e-02 inf
4.06154e-02 inf
4.60222e-02 inf
5.21488e-02 inf
5.90910e-02 1.16294e-28
6.69573e-02 7.29161e-30
7.58708e-02 1.45082e-30
8.59710e-02 4.49527e-31
9.74157e-02 1.84897e-31
1.10384e-01 8.83428e-32
1.25079e-01 5.02919e-32
1.41729e-01 3.34528e-32
1.60597e-01 2.37438e-32
1.81976e-01 1.89179e-32
2.06201e-01 1.60001e-32
2.33651e-01 1.39621e-32
2.64755e-01 1.29665e-32
3.00000e-01 1.22830e-32
