Phonon Energy [keV]    Rate [cts/keV/day]    Extrapolated
0.00000e+00 164407686663706.7 1
3.00000e-05 36394681920764.4 1
6.00000e-05 10698331618915.7 1
9.00000e-05 3816659046466.6 1
1.20000e-04 1567254681759.6 1
1.50000e-04 716136212494.9 1
1.80000e-04 355874144119.9 1
2.10000e-04 189226751819.4 1
2.40000e-04 106381407118.9 1
2.70000e-04 62664427872.4 1
3.00000e-04 38406734879.2 1
3.30000e-04 24356805156.2 1
3.60000e-04 15912049829.2 1
3.90000e-04 10669555395.5 1
4.20000e-04 7321088354.3 1
4.50000e-04 5127698194.8 1
4.80000e-04 3658175091.0 1
5.10000e-04 2653478379.9 1
5.40000e-04 2378213507.6 0
5.70000e-04 1378867102.4 0
6.00000e-04 894008714.6 0
6.30000e-04 632135076.3 0
6.60000e-04 486492374.7 0
6.90000e-04 397821350.8 0
7.20000e-04 325490196.1 0
7.50000e-04 272657952.1 0
7.80000e-04 228104575.2 0
8.10000e-04 195860566.4 0
8.40000e-04 162527233.1 0
8.70000e-04 140958605.7 0
9.00000e-04 116557734.2 0
9.30000e-04 99019607.8 0
9.60000e-04 83442265.8 0
9.90000e-04 75381263.6 0
1.02000e-03 62527233.1 0
1.05000e-03 52069716.8 0
1.08000e-03 47058823.5 0
1.11000e-03 43355119.8 0
1.14000e-03 34095860.6 0
1.17000e-03 30936819.2 0
1.20000e-03 29738562.1 0
1.23000e-03 24291939.0 0
1.26000e-03 23529411.8 0
1.29000e-03 22331154.7 0
1.32000e-03 18627451.0 0
1.35000e-03 22222222.2 0
1.38000e-03 16775599.1 0
1.41000e-03 17864923.7 0
1.44000e-03 17864923.7 0
1.47000e-03 18518518.5 0
1.50000e-03 15032679.7 0
1.53000e-03 16993464.1 0
1.56000e-03 14052287.6 0
1.59000e-03 16557734.2 0
1.62000e-03 17211329.0 0
1.65000e-03 14270152.5 0
1.68000e-03 11764705.9 0
1.71000e-03 13725490.2 0
1.74000e-03 12962963.0 0
1.77000e-03 14379085.0 0
1.80000e-03 16884531.6 0
1.83000e-03 15250544.7 0
1.86000e-03 13398692.8 0
1.89000e-03 13507625.3 0
1.92000e-03 11982570.8 0
1.95000e-03 13071895.4 0
1.98000e-03 13725490.2 0
2.01000e-03 10348583.9 0
2.04000e-03 11111111.1 0
2.07000e-03 12200435.7 0
2.10000e-03 8932461.9 0
2.13000e-03 11764705.9 0
2.16000e-03 8387799.6 0
2.19000e-03 7189542.5 0
2.22000e-03 6753812.6 0
2.25000e-03 7952069.7 0
2.28000e-03 7516339.9 0
2.31000e-03 6535947.7 0
2.34000e-03 6644880.2 0
2.37000e-03 6209150.3 0
2.40000e-03 4793028.3 0
2.43000e-03 3812636.2 0
2.46000e-03 3376906.3 0
2.49000e-03 4248366.0 0
2.52000e-03 3159041.4 0
2.55000e-03 1851851.9 0
2.58000e-03 2505446.6 0
2.61000e-03 2723311.5 0
2.64000e-03 2396514.2 0
2.67000e-03 3050108.9 0
2.70000e-03 1525054.5 0
2.73000e-03 1851851.9 0
2.76000e-03 1525054.5 0
2.79000e-03 871459.7 0
2.82000e-03 980392.2 0
2.85000e-03 1089324.6 0
2.88000e-03 980392.2 0
2.91000e-03 653594.8 0
2.94000e-03 980392.2 0
2.97000e-03 871459.7 0
3.00000e-03 653594.8 0
3.03000e-03 871459.7 0
3.06000e-03 435729.8 0
3.09000e-03 544662.3 0
3.12000e-03 653594.8 0
3.15000e-03 544662.3 0
3.18000e-03 108932.5 0
3.21000e-03 108932.5 0
3.24000e-03 0.0 0
3.27000e-03 108932.5 0
3.30000e-03 217864.9 0
3.33000e-03 0.0 0
3.36000e-03 0.0 0
3.39000e-03 108932.5 0
3.42000e-03 0.0 0
3.45000e-03 0.0 0
3.48000e-03 0.0 0
3.51000e-03 217864.9 0
3.54000e-03 217864.9 0
3.57000e-03 0.0 0
3.60000e-03 108932.5 0
3.63000e-03 0.0 0
3.66000e-03 0.0 0
3.69000e-03 0.0 0
3.72000e-03 0.0 0
3.75000e-03 0.0 0
3.78000e-03 0.0 0
3.81000e-03 0.0 0
3.84000e-03 0.0 0
3.87000e-03 0.0 0
3.90000e-03 0.0 0
3.93000e-03 0.0 0
3.96000e-03 0.0 0
3.99000e-03 0.0 0
4.02000e-03 0.0 0
4.05000e-03 0.0 0
4.08000e-03 0.0 0
4.11000e-03 0.0 0
4.14000e-03 0.0 0
4.17000e-03 0.0 0
4.20000e-03 0.0 0
4.23000e-03 0.0 0
4.26000e-03 0.0 0
4.29000e-03 0.0 0
4.32000e-03 0.0 0
4.35000e-03 0.0 0
4.38000e-03 0.0 0
4.41000e-03 0.0 0
4.44000e-03 0.0 0
4.47000e-03 0.0 0
4.50000e-03 0.0 0
4.53000e-03 0.0 0
4.56000e-03 0.0 0
4.59000e-03 0.0 0
4.62000e-03 108932.5 0
4.65000e-03 0.0 0
4.68000e-03 0.0 0
4.71000e-03 0.0 0
4.74000e-03 0.0 0
4.77000e-03 0.0 0
4.80000e-03 0.0 0
4.83000e-03 0.0 0
4.86000e-03 0.0 0
4.89000e-03 0.0 0
4.92000e-03 0.0 0
4.95000e-03 0.0 0
4.98000e-03 0.0 0
5.01000e-03 0.0 0
5.04000e-03 0.0 0
5.07000e-03 0.0 0
5.10000e-03 0.0 0
5.13000e-03 0.0 0
5.16000e-03 0.0 0
5.19000e-03 0.0 0
5.22000e-03 0.0 0
5.25000e-03 0.0 0
5.28000e-03 0.0 0
5.31000e-03 0.0 0
5.34000e-03 0.0 0
5.37000e-03 0.0 0
5.40000e-03 0.0 0
5.43000e-03 0.0 0
5.46000e-03 0.0 0
5.49000e-03 0.0 0
5.52000e-03 0.0 0
5.55000e-03 0.0 0
5.58000e-03 0.0 0
5.61000e-03 0.0 0
5.64000e-03 0.0 0
5.67000e-03 0.0 0
5.70000e-03 0.0 0
5.73000e-03 0.0 0
5.76000e-03 0.0 0
5.79000e-03 0.0 0
5.82000e-03 0.0 0
5.85000e-03 0.0 0
5.88000e-03 0.0 0
5.91000e-03 0.0 0
5.94000e-03 0.0 0
5.97000e-03 0.0 0
6.00000e-03 0.0 0
6.03000e-03 0.0 0
6.06000e-03 0.0 0
6.09000e-03 0.0 0
6.12000e-03 0.0 0
6.15000e-03 0.0 0
6.18000e-03 0.0 0
6.21000e-03 0.0 0
6.24000e-03 0.0 0
6.27000e-03 0.0 0
6.30000e-03 0.0 0
6.33000e-03 0.0 0
6.36000e-03 0.0 0
6.39000e-03 0.0 0
6.42000e-03 0.0 0
6.45000e-03 0.0 0
6.48000e-03 0.0 0
6.51000e-03 0.0 0
6.54000e-03 0.0 0
6.57000e-03 0.0 0
6.60000e-03 0.0 0
6.63000e-03 0.0 0
6.66000e-03 0.0 0
6.69000e-03 0.0 0
6.72000e-03 0.0 0
6.75000e-03 0.0 0
6.78000e-03 0.0 0
6.81000e-03 0.0 0
6.84000e-03 0.0 0
6.87000e-03 0.0 0
6.90000e-03 0.0 0
6.93000e-03 0.0 0
6.96000e-03 0.0 0
6.99000e-03 nan 0
