# DM Mass [GeV] Xsec [cm^2]
7.233e-05 6.395e-12
8.546e-05 1.281e-13
1.010e-04 8.321e-15
1.193e-04 9.269e-16
1.409e-04 1.418e-16
1.665e-04 2.503e-17
1.967e-04 4.865e-18
2.324e-04 1.026e-18
2.745e-04 2.270e-19
3.243e-04 5.225e-20
3.832e-04 1.224e-20
4.527e-04 2.973e-21
5.348e-04 7.318e-22
6.318e-04 1.821e-22
7.464e-04 4.574e-23
8.818e-04 1.156e-23
1.042e-03 2.923e-24
1.231e-03 7.427e-25
1.454e-03 1.873e-25
1.718e-03 4.713e-26
2.030e-03 1.210e-26
2.398e-03 3.142e-27
2.833e-03 8.389e-28
3.347e-03 2.299e-28
3.954e-03 6.508e-29
4.671e-03 1.912e-29
5.519e-03 5.752e-30
6.520e-03 1.785e-30
7.703e-03 5.596e-31
9.100e-03 1.823e-31
1.075e-02 6.042e-32
1.270e-02 2.088e-32
1.501e-02 7.559e-33
1.773e-02 2.933e-33
2.094e-02 1.234e-33
2.474e-02 5.716e-34
2.923e-02 2.524e-34
3.454e-02 3.560e-35
4.080e-02 2.458e-36
4.820e-02 2.348e-37
5.695e-02 3.790e-38
6.728e-02 1.082e-38
7.949e-02 3.223e-39
9.391e-02 9.647e-40
1.109e-01 2.780e-40
1.311e-01 1.106e-40
1.548e-01 5.300e-41
1.829e-01 2.890e-41
2.161e-01 1.656e-41
2.553e-01 1.107e-41
3.017e-01 7.117e-42
3.564e-01 4.099e-42
4.210e-01 1.846e-42
4.974e-01 9.118e-43
5.877e-01 5.097e-43
6.943e-01 3.140e-43
8.202e-01 1.885e-43
9.691e-01 1.250e-43
1.145e+00 8.685e-44
1.353e+00 6.251e-44
1.598e+00 4.736e-44
1.888e+00 3.808e-44
2.230e+00 3.239e-44
2.635e+00 2.921e-44
3.113e+00 2.823e-44
3.678e+00 2.802e-44
4.345e+00 2.883e-44
5.133e+00 3.097e-44
6.064e+00 3.446e-44
7.165e+00 3.887e-44
8.464e+00 4.430e-44
1.000e+01 5.091e-44
