1.00000e-02 inf
1.21819e-02 inf
1.48398e-02 inf
1.80777e-02 inf
2.20220e-02 2.14091e-30
2.68270e-02 8.76080e-33
3.26803e-02 2.03127e-34
3.98107e-02 6.15935e-36
4.84969e-02 3.82413e-37
5.90784e-02 5.22539e-38
7.19686e-02 1.26139e-38
8.76712e-02 2.90009e-39
1.06800e-01 5.97718e-40
1.30103e-01 1.97005e-40
1.58489e-01 8.35387e-41
1.93070e-01 4.30412e-41
2.35195e-01 2.37982e-41
2.86512e-01 1.56220e-41
3.49025e-01 7.30460e-42
4.25179e-01 2.20592e-42
5.17947e-01 9.48030e-43
6.30957e-01 5.08656e-43
7.68625e-01 3.01629e-43
9.36329e-01 1.66485e-43
1.14062e+00 1.10677e-43
1.38950e+00 6.74752e-44
1.69267e+00 4.80525e-44
2.06199e+00 3.92959e-44
2.51189e+00 3.20506e-44
3.05995e+00 2.90608e-44
3.72759e+00 2.90956e-44
4.54091e+00 3.12629e-44
5.53168e+00 3.41284e-44
6.73863e+00 3.75788e-44
8.20891e+00 4.47565e-44
1.00000e+01 5.32177e-44
