1.00000e-02 8.49030e-25
1.22168e-02 9.95859e-26
1.49250e-02 1.29393e-26
1.82335e-02 2.91734e-27
2.22754e-02 4.94134e-28
2.72134e-02 1.08246e-28
3.32460e-02 3.20740e-29
4.06159e-02 4.33986e-30
4.96195e-02 5.06552e-31
6.06190e-02 1.06080e-31
7.40568e-02 3.76913e-32
9.04736e-02 1.65991e-32
1.10530e-01 9.72746e-33
1.35031e-01 6.11558e-33
1.64965e-01 3.37343e-33
2.01534e-01 2.21957e-33
2.46209e-01 1.71075e-33
3.00788e-01 1.23692e-33
3.67466e-01 1.01426e-33
4.48925e-01 8.07691e-34
5.48442e-01 7.13710e-34
6.70019e-01 5.74954e-34
8.18547e-01 4.76823e-34
1.00000e+00 3.76550e-34
