1.00000e-03 inf
1.21819e-03 inf
1.48398e-03 6.71226e-35
1.80777e-03 1.13412e-36
2.20220e-03 1.86143e-37
2.68270e-03 6.27017e-38
3.26803e-03 3.10094e-38
3.98107e-03 2.07226e-38
4.84969e-03 1.44695e-38
5.90784e-03 1.22617e-38
7.19686e-03 1.20604e-38
8.76712e-03 1.20764e-38
1.06800e-02 1.20447e-38
1.30103e-02 1.27544e-38
1.58489e-02 1.36881e-38
1.93070e-02 1.51333e-38
2.35195e-02 1.73980e-38
2.86512e-02 1.97178e-38
3.49025e-02 2.34818e-38
4.25179e-02 2.74630e-38
5.17947e-02 3.22687e-38
6.30957e-02 3.80430e-38
7.68625e-02 4.62549e-38
9.36329e-02 5.52479e-38
1.14062e-01 6.64951e-38
1.38950e-01 7.92421e-38
1.69267e-01 9.63731e-38
2.06199e-01 1.17386e-37
2.51189e-01 1.39173e-37
3.05995e-01 1.72695e-37
3.72759e-01 2.05248e-37
4.54091e-01 2.51365e-37
5.53168e-01 3.04076e-37
6.73863e-01 3.69372e-37
8.20891e-01 4.47791e-37
1.00000e+00 5.51488e-37
