# DM Mass [GeV] Xsec [cm^2]
1.480e-05 6.784e-25
1.530e-05 1.529e-25
1.583e-05 3.444e-26
1.637e-05 7.762e-27
1.693e-05 1.749e-27
1.751e-05 3.941e-28
1.811e-05 1.085e-28
1.873e-05 7.664e-29
1.937e-05 5.415e-29
2.003e-05 3.825e-29
2.072e-05 2.703e-29
2.143e-05 1.909e-29
2.216e-05 1.331e-29
2.292e-05 9.056e-30
2.370e-05 6.160e-30
2.451e-05 4.191e-30
2.535e-05 2.851e-30
2.622e-05 1.939e-30
2.712e-05 1.486e-30
2.804e-05 1.269e-30
2.900e-05 1.083e-30
2.999e-05 9.240e-31
3.102e-05 7.886e-31
3.208e-05 6.730e-31
3.318e-05 6.010e-31
3.432e-05 5.471e-31
3.549e-05 4.980e-31
3.670e-05 4.533e-31
3.796e-05 4.127e-31
3.926e-05 3.757e-31
4.060e-05 3.507e-31
4.199e-05 3.286e-31
4.343e-05 3.078e-31
4.491e-05 2.884e-31
4.645e-05 2.702e-31
4.804e-05 2.513e-31
4.968e-05 2.049e-31
5.138e-05 1.670e-31
5.314e-05 1.361e-31
5.496e-05 1.110e-31
5.684e-05 9.044e-32
5.878e-05 7.554e-32
6.080e-05 6.855e-32
6.288e-05 6.222e-32
6.503e-05 5.647e-32
6.725e-05 5.125e-32
6.955e-05 4.651e-32
7.193e-05 4.279e-32
7.439e-05 4.018e-32
7.694e-05 3.773e-32
7.957e-05 3.543e-32
8.229e-05 3.327e-32
8.511e-05 3.124e-32
8.802e-05 2.997e-32
9.103e-05 2.921e-32
9.415e-05 2.847e-32
9.737e-05 2.774e-32
1.007e-04 2.704e-32
1.041e-04 2.635e-32
1.077e-04 2.620e-32
1.114e-04 2.621e-32
1.152e-04 2.623e-32
1.191e-04 2.625e-32
1.232e-04 2.626e-32
1.274e-04 2.628e-32
1.318e-04 2.645e-32
1.363e-04 2.663e-32
1.410e-04 2.681e-32
1.458e-04 2.699e-32
1.508e-04 2.717e-32
1.559e-04 2.736e-32
1.613e-04 2.765e-32
1.668e-04 2.794e-32
1.725e-04 2.824e-32
1.784e-04 2.854e-32
1.845e-04 2.884e-32
1.908e-04 2.935e-32
1.974e-04 3.042e-32
2.041e-04 3.153e-32
2.111e-04 3.269e-32
2.183e-04 3.389e-32
2.258e-04 3.513e-32
2.335e-04 3.625e-32
2.415e-04 3.721e-32
2.498e-04 3.820e-32
2.583e-04 3.922e-32
2.672e-04 4.026e-32
2.763e-04 4.133e-32
2.857e-04 4.282e-32
2.955e-04 4.460e-32
3.056e-04 4.645e-32
3.161e-04 4.839e-32
3.269e-04 5.040e-32
3.381e-04 5.250e-32
3.497e-04 5.486e-32
3.616e-04 5.737e-32
3.740e-04 5.999e-32
3.868e-04 6.274e-32
4.000e-04 6.561e-32
4.137e-04 6.861e-32
4.279e-04 7.146e-32
4.425e-04 7.442e-32
4.577e-04 7.750e-32
4.733e-04 8.072e-32
4.895e-04 8.406e-32
5.063e-04 8.745e-32
5.236e-04 9.047e-32
5.415e-04 9.360e-32
5.600e-04 9.683e-32
5.792e-04 1.002e-31
5.990e-04 1.036e-31
6.195e-04 1.075e-31
6.407e-04 1.123e-31
6.626e-04 1.173e-31
6.853e-04 1.225e-31
7.087e-04 1.280e-31
7.330e-04 1.337e-31
7.581e-04 1.391e-31
7.840e-04 1.442e-31
8.108e-04 1.495e-31
8.386e-04 1.550e-31
8.672e-04 1.607e-31
8.969e-04 1.666e-31
9.276e-04 1.734e-31
9.593e-04 1.808e-31
9.922e-04 1.886e-31
1.026e-03 1.661e-31
1.061e-03 1.724e-31
1.098e-03 1.790e-31
1.135e-03 1.858e-31
1.174e-03 1.928e-31
1.214e-03 2.001e-31
1.256e-03 2.074e-31
1.299e-03 2.149e-31
1.343e-03 2.226e-31
1.389e-03 2.306e-31
1.437e-03 2.390e-31
1.486e-03 2.476e-31
1.536e-03 2.574e-31
1.589e-03 2.677e-31
1.643e-03 2.783e-31
1.700e-03 2.894e-31
1.758e-03 3.008e-31
1.818e-03 3.125e-31
1.880e-03 3.234e-31
1.944e-03 3.346e-31
2.011e-03 3.462e-31
2.080e-03 3.582e-31
2.151e-03 3.706e-31
2.225e-03 3.833e-31
2.301e-03 3.963e-31
2.379e-03 4.097e-31
2.461e-03 4.235e-31
2.545e-03 4.378e-31
2.632e-03 4.526e-31
2.722e-03 4.673e-31
2.815e-03 4.818e-31
2.912e-03 4.967e-31
3.011e-03 5.121e-31
3.114e-03 5.280e-31
3.221e-03 5.444e-31
3.331e-03 5.633e-31
3.445e-03 5.845e-31
3.563e-03 6.065e-31
3.685e-03 6.293e-31
3.811e-03 6.530e-31
3.941e-03 6.776e-31
4.076e-03 7.003e-31
4.216e-03 7.224e-31
4.360e-03 7.453e-31
4.509e-03 7.689e-31
4.663e-03 7.932e-31
4.823e-03 8.183e-31
4.988e-03 8.427e-31
5.159e-03 8.675e-31
5.335e-03 8.930e-31
5.518e-03 9.193e-31
5.706e-03 9.464e-31
5.902e-03 9.743e-31
6.104e-03 1.004e-30
6.312e-03 1.035e-30
6.528e-03 1.067e-30
6.752e-03 1.100e-30
6.983e-03 1.134e-30
7.222e-03 1.170e-30
7.469e-03 1.207e-30
7.724e-03 1.247e-30
7.989e-03 1.287e-30
8.262e-03 1.328e-30
8.545e-03 1.371e-30
8.837e-03 1.414e-30
9.139e-03 1.449e-30
9.452e-03 1.486e-30
9.775e-03 1.524e-30
1.011e-02 1.562e-30
1.046e-02 1.602e-30
1.081e-02 1.644e-30
1.118e-02 1.690e-30
1.157e-02 1.738e-30
1.196e-02 1.787e-30
1.237e-02 1.837e-30
1.279e-02 1.889e-30
1.323e-02 1.940e-30
1.368e-02 1.991e-30
1.415e-02 2.044e-30
1.464e-02 2.097e-30
1.514e-02 2.152e-30
1.566e-02 2.209e-30
1.619e-02 2.270e-30
1.675e-02 2.333e-30
1.732e-02 2.399e-30
1.791e-02 2.466e-30
1.852e-02 2.535e-30
1.916e-02 2.606e-30
1.981e-02 2.680e-30
2.049e-02 2.757e-30
2.119e-02 2.836e-30
2.192e-02 2.917e-30
2.267e-02 3.000e-30
2.344e-02 3.086e-30
2.425e-02 3.183e-30
2.508e-02 3.284e-30
2.593e-02 3.389e-30
2.682e-02 3.497e-30
2.774e-02 3.608e-30
2.869e-02 3.722e-30
2.967e-02 3.825e-30
3.068e-02 3.930e-30
3.173e-02 4.039e-30
3.282e-02 4.150e-30
3.394e-02 4.265e-30
3.510e-02 4.386e-30
3.630e-02 4.530e-30
3.755e-02 4.677e-30
3.883e-02 4.830e-30
4.016e-02 4.190e-30
4.153e-02 2.838e-30
4.296e-02 1.921e-30
4.443e-02 1.301e-30
4.595e-02 8.811e-31
4.752e-02 5.967e-31
4.914e-02 4.224e-31
5.082e-02 3.201e-31
5.256e-02 2.426e-31
5.436e-02 1.839e-31
5.622e-02 1.394e-31
5.815e-02 1.056e-31
6.014e-02 8.347e-32
6.219e-02 6.849e-32
6.432e-02 5.619e-32
6.652e-02 4.611e-32
6.880e-02 3.783e-32
7.115e-02 3.104e-32
7.359e-02 2.654e-32
7.610e-02 2.317e-32
7.871e-02 2.023e-32
8.140e-02 1.766e-32
8.419e-02 1.542e-32
8.707e-02 1.346e-32
9.005e-02 1.201e-32
9.313e-02 1.077e-32
9.631e-02 9.654e-33
9.961e-02 8.657e-33
1.030e-01 7.763e-33
1.065e-01 6.962e-33
1.102e-01 6.005e-33
1.140e-01 5.165e-33
1.179e-01 4.442e-33
1.219e-01 3.820e-33
1.261e-01 3.286e-33
1.304e-01 2.833e-33
1.348e-01 2.544e-33
1.394e-01 2.285e-33
1.442e-01 2.052e-33
1.492e-01 1.843e-33
1.543e-01 1.655e-33
1.595e-01 1.497e-33
1.650e-01 1.394e-33
1.706e-01 1.298e-33
1.765e-01 1.209e-33
1.825e-01 1.126e-33
1.888e-01 1.048e-33
1.952e-01 9.802e-34
2.019e-01 9.237e-34
2.088e-01 8.705e-34
2.159e-01 8.204e-34
2.233e-01 7.731e-34
2.310e-01 7.286e-34
2.389e-01 6.935e-34
2.471e-01 6.679e-34
2.555e-01 6.433e-34
2.642e-01 6.196e-34
2.733e-01 5.967e-34
2.826e-01 5.747e-34
2.923e-01 5.562e-34
3.023e-01 5.400e-34
3.127e-01 5.243e-34
3.234e-01 5.091e-34
3.344e-01 4.943e-34
3.459e-01 4.800e-34
3.577e-01 4.639e-34
3.699e-01 4.477e-34
3.826e-01 4.320e-34
3.957e-01 4.169e-34
4.092e-01 4.023e-34
4.232e-01 3.882e-34
4.377e-01 3.760e-34
4.527e-01 3.645e-34
4.682e-01 3.533e-34
4.842e-01 3.425e-34
5.008e-01 3.320e-34
5.179e-01 3.218e-34
5.356e-01 3.132e-34
5.539e-01 3.048e-34
5.729e-01 2.967e-34
5.925e-01 2.888e-34
6.128e-01 2.811e-34
6.337e-01 2.737e-34
6.554e-01 2.672e-34
6.778e-01 2.610e-34
7.010e-01 2.548e-34
7.250e-01 2.489e-34
7.498e-01 2.430e-34
7.755e-01 2.351e-34
8.020e-01 2.215e-34
8.294e-01 2.087e-34
8.578e-01 1.966e-34
8.872e-01 1.852e-34
9.175e-01 1.745e-34
9.489e-01 1.698e-34
9.814e-01 1.736e-34
1.015e+00 1.774e-34
1.050e+00 1.814e-34
1.086e+00 1.854e-34
1.123e+00 1.895e-34
1.161e+00 1.852e-34
1.201e+00 1.739e-34
1.242e+00 1.633e-34
1.284e+00 1.534e-34
1.328e+00 1.441e-34
1.374e+00 1.353e-34
1.421e+00 1.277e-34
1.470e+00 1.207e-34
1.520e+00 1.142e-34
1.572e+00 1.080e-34
1.626e+00 1.021e-34
1.681e+00 9.661e-35
1.739e+00 9.092e-35
1.798e+00 8.546e-35
1.860e+00 8.032e-35
1.923e+00 7.550e-35
1.989e+00 7.096e-35
2.057e+00 6.670e-35
2.128e+00 6.234e-35
2.200e+00 5.825e-35
2.276e+00 5.442e-35
2.354e+00 5.084e-35
2.434e+00 4.750e-35
2.517e+00 4.437e-35
2.604e+00 4.127e-35
2.693e+00 3.839e-35
2.785e+00 3.571e-35
2.880e+00 3.321e-35
2.979e+00 3.090e-35
3.080e+00 2.872e-35
3.186e+00 2.662e-35
3.295e+00 2.468e-35
3.408e+00 2.288e-35
3.524e+00 2.121e-35
3.645e+00 1.967e-35
3.769e+00 1.819e-35
3.898e+00 1.676e-35
4.032e+00 1.544e-35
4.170e+00 1.422e-35
4.312e+00 1.310e-35
4.460e+00 1.207e-35
4.613e+00 1.108e-35
4.770e+00 1.013e-35
4.934e+00 9.261e-36
5.102e+00 8.466e-36
5.277e+00 7.740e-36
5.458e+00 7.076e-36
5.644e+00 6.454e-36
5.837e+00 5.878e-36
6.037e+00 5.353e-36
6.244e+00 4.875e-36
6.457e+00 4.439e-36
6.678e+00 4.043e-36
6.907e+00 3.707e-36
7.143e+00 3.408e-36
7.388e+00 3.133e-36
7.640e+00 2.880e-36
7.902e+00 2.647e-36
8.172e+00 2.433e-36
8.452e+00 2.263e-36
8.741e+00 2.109e-36
9.040e+00 1.965e-36
9.349e+00 1.832e-36
9.669e+00 1.707e-36
1.000e+01 1.590e-36
