1.00000e-01 inf
1.21819e-01 inf
1.48398e-01 inf
1.80777e-01 inf
2.20220e-01 inf
2.68270e-01 1.04563e-38
3.26803e-01 3.27015e-40
3.98107e-01 8.55759e-41
4.84969e-01 2.94584e-41
5.90784e-01 1.29349e-41
7.19686e-01 6.14198e-42
8.76712e-01 3.03947e-42
1.06800e+00 1.71555e-42
1.30103e+00 1.04257e-42
1.58489e+00 6.66548e-43
1.93070e+00 4.51985e-43
2.35195e+00 3.17692e-43
2.86512e+00 2.34888e-43
3.49025e+00 1.80362e-43
4.25179e+00 1.44176e-43
5.17947e+00 1.18741e-43
6.30957e+00 9.99982e-44
7.68625e+00 8.58712e-44
9.36329e+00 7.49216e-44
1.14062e+01 6.64102e-44
1.38950e+01 5.97808e-44
1.69267e+01 5.47231e-44
2.06199e+01 5.10238e-44
2.51189e+01 4.86473e-44
3.05995e+01 4.74350e-44
3.72759e+01 4.73298e-44
4.54091e+01 4.83404e-44
5.53168e+01 5.06577e-44
6.73863e+01 5.44315e-44
8.20891e+01 5.98210e-44
1.00000e+02 6.70848e-44
