1.00000e-03 1.14645e-20
1.21819e-03 1.50929e-21
1.48398e-03 2.05352e-22
1.80777e-03 2.91177e-23
2.20220e-03 4.31987e-24
2.68270e-03 6.65238e-25
3.26803e-03 1.06199e-25
3.98107e-03 1.76798e-26
4.84969e-03 3.02998e-27
5.90784e-03 5.28720e-28
7.19686e-03 9.40016e-29
8.76712e-03 1.69933e-29
1.06800e-02 3.17079e-30
1.30103e-02 6.16510e-31
1.58489e-02 1.33912e-31
1.93070e-02 3.26165e-32
2.35195e-02 9.33268e-33
2.86512e-02 3.16405e-33
3.49025e-02 5.09065e-34
4.25179e-02 2.79402e-35
5.17947e-02 2.86293e-36
6.30957e-02 5.02519e-37
7.68625e-02 1.31262e-37
9.36329e-02 4.04472e-38
1.14062e-01 1.63306e-38
1.38950e-01 7.00889e-39
1.69267e-01 3.03822e-39
2.06199e-01 1.69921e-39
2.51189e-01 8.40545e-40
3.05995e-01 5.31296e-40
3.72759e-01 2.99415e-40
4.54091e-01 2.25930e-40
5.53168e-01 1.72752e-40
6.73863e-01 1.34448e-40
8.20891e-01 1.06532e-40
1.00000e+00 8.66826e-41
