1.00000e-03 inf
1.21819e-03 inf
1.48398e-03 1.09938e-35
1.80777e-03 1.08175e-37
2.20220e-03 1.78139e-38
2.68270e-03 6.78159e-39
3.26803e-03 3.88263e-39
3.98107e-03 2.63576e-39
4.84969e-03 2.10637e-39
5.90784e-03 1.91257e-39
7.19686e-03 1.83222e-39
8.76712e-03 1.77325e-39
1.06800e-02 1.85095e-39
1.30103e-02 2.04595e-39
1.58489e-02 2.34678e-39
1.93070e-02 2.58397e-39
2.35195e-02 2.98266e-39
2.86512e-02 3.49511e-39
3.49025e-02 4.11777e-39
4.25179e-02 4.86713e-39
5.17947e-02 5.81647e-39
6.30957e-02 6.98505e-39
7.68625e-02 8.46879e-39
9.36329e-02 1.00512e-38
1.14062e-01 1.18645e-38
1.38950e-01 1.45119e-38
1.69267e-01 1.78348e-38
2.06199e-01 2.17205e-38
2.51189e-01 2.60510e-38
3.05995e-01 3.16464e-38
3.72759e-01 3.76744e-38
4.54091e-01 4.71495e-38
5.53168e-01 5.65220e-38
6.73863e-01 6.87899e-38
8.20891e-01 8.47402e-38
1.00000e+00 1.00281e-37
