1.00000e-05 inf
1.21547e-05 inf
1.47738e-05 inf
1.79571e-05 inf
2.18264e-05 inf
2.65295e-05 inf
3.22459e-05 inf
3.91941e-05 inf
4.76394e-05 inf
5.79044e-05 inf
7.03814e-05 inf
8.55467e-05 inf
1.03980e-04 inf
1.26385e-04 inf
1.53617e-04 inf
1.86718e-04 inf
2.26951e-04 8.22736e+04
2.75853e-04 6.83609e+01
3.35292e-04 7.25612e-01
4.07539e-04 1.62978e-02
4.95354e-04 5.30945e-04
6.02089e-04 2.14894e-05
7.31824e-04 9.96969e-07
8.89513e-04 5.07913e-08
1.08118e-03 2.71733e-09
1.31415e-03 1.49384e-10
1.59731e-03 8.28476e-12
1.94149e-03 4.68414e-13
2.35983e-03 2.56881e-14
2.86832e-03 1.38154e-15
3.48637e-03 7.29171e-17
4.23759e-03 3.76857e-18
5.15068e-03 1.92153e-19
6.26052e-03 9.62309e-21
7.60950e-03 4.86190e-22
9.24915e-03 2.49431e-23
1.12421e-02 1.35889e-24
1.36645e-02 8.24408e-26
1.66088e-02 6.05247e-27
2.01876e-02 3.38984e-28
2.45375e-02 6.91699e-30
2.98247e-02 5.23073e-31
3.62512e-02 3.60394e-32
4.40624e-02 2.56867e-33
5.35567e-02 3.96684e-34
6.50968e-02 1.05125e-34
7.91234e-02 4.48437e-35
9.61725e-02 1.84992e-35
1.16895e-01 6.22552e-36
1.42083e-01 3.08114e-36
1.72698e-01 2.03174e-36
2.09910e-01 1.38285e-36
2.55141e-01 1.08759e-36
3.10117e-01 9.87583e-37
3.76939e-01 8.24945e-37
4.58160e-01 5.91279e-37
5.56881e-01 4.17629e-37
6.76875e-01 3.01808e-37
8.22724e-01 2.26292e-37
1.00000e+00 1.65731e-37
