1.00000e-02 inf
1.14062e-02 inf
1.30103e-02 inf
1.48398e-02 inf
1.69267e-02 inf
1.93070e-02 inf
2.20220e-02 inf
2.51189e-02 3.62114e-27
2.86512e-02 8.63014e-29
3.26803e-02 1.24791e-29
3.72759e-02 3.10442e-30
4.25179e-02 9.88124e-31
4.84969e-02 3.82149e-31
5.53168e-02 1.72545e-31
6.30957e-02 8.91106e-32
7.19686e-02 5.03429e-32
8.20891e-02 3.23989e-32
9.36329e-02 2.20207e-32
1.06800e-01 1.60923e-32
1.21819e-01 1.34152e-32
1.38950e-01 1.04491e-32
1.58489e-01 9.64838e-33
1.80777e-01 9.21100e-33
2.06199e-01 8.96620e-33
2.35195e-01 9.01050e-33
2.68270e-01 9.14691e-33
3.05995e-01 9.38179e-33
3.49025e-01 9.66669e-33
3.98107e-01 9.99498e-33
4.54091e-01 1.03049e-32
5.17947e-01 1.06275e-32
5.90784e-01 1.09201e-32
6.73863e-01 1.11706e-32
7.68625e-01 1.13790e-32
8.76712e-01 1.15162e-32
1.00000e+00 1.15934e-32
