1.00000e-06 inf
1.25485e-06 inf
1.57465e-06 inf
1.97594e-06 inf
2.47951e-06 inf
3.11141e-06 inf
3.90435e-06 inf
4.89938e-06 inf
6.14798e-06 inf
7.71479e-06 inf
9.68089e-06 inf
1.21481e-05 inf
1.52440e-05 inf
1.91289e-05 inf
2.40039e-05 inf
3.01213e-05 inf
3.77976e-05 inf
4.74304e-05 inf
5.95179e-05 inf
7.46860e-05 inf
9.37197e-05 inf
1.17604e-04 inf
1.47575e-04 inf
1.85185e-04 inf
2.32379e-04 inf
2.91601e-04 inf
3.65915e-04 inf
4.59168e-04 inf
5.76187e-04 inf
7.23028e-04 inf
9.07291e-04 inf
1.13851e-03 inf
1.42866e-03 inf
1.79276e-03 inf
2.24964e-03 inf
2.82296e-03 inf
3.54239e-03 inf
4.44516e-03 inf
5.57800e-03 inf
6.99955e-03 inf
8.78339e-03 inf
1.10218e-02 inf
1.38307e-02 inf
1.73555e-02 inf
2.17785e-02 3.26237e-26
2.73287e-02 6.94653e-28
3.42935e-02 7.39534e-29
4.30331e-02 3.84068e-30
5.40001e-02 4.25121e-31
6.77620e-02 9.23403e-32
8.50310e-02 3.49438e-32
1.06701e-01 1.77841e-32
1.33894e-01 8.70810e-33
1.68017e-01 3.90458e-33
2.10835e-01 2.55226e-33
2.64567e-01 1.86045e-33
3.31991e-01 1.46216e-33
4.16599e-01 1.14850e-33
5.22769e-01 9.50490e-34
6.55996e-01 7.55602e-34
8.23176e-01 6.21033e-34
1.03296e+00 4.53440e-34
1.29621e+00 3.44788e-34
1.62655e+00 2.30618e-34
2.04108e+00 1.59447e-34
2.56124e+00 1.09124e-34
3.21397e+00 6.52097e-35
4.03305e+00 4.11192e-35
5.06087e+00 2.35221e-35
6.35063e+00 1.24951e-35
7.96908e+00 7.79269e-36
1.00000e+01 4.22663e-36
