1.00000e-02 inf
1.22168e-02 inf
1.49250e-02 inf
1.82335e-02 2.10019e-12
2.22754e-02 1.44820e-19
2.72134e-02 1.54521e-23
3.32460e-02 4.66386e-26
4.06159e-02 1.23874e-27
4.96195e-02 1.29235e-28
6.06190e-02 2.64562e-29
7.40568e-02 8.81524e-30
9.04736e-02 4.11077e-30
1.10530e-01 1.28864e-30
1.35031e-01 5.69102e-31
1.64965e-01 3.22975e-31
2.01534e-01 2.12649e-31
2.46209e-01 1.61118e-31
3.00788e-01 1.27565e-31
3.67466e-01 1.10820e-31
4.48925e-01 9.14676e-32
5.48442e-01 7.24974e-32
6.70019e-01 4.30107e-32
8.18547e-01 2.78712e-32
1.00000e+00 1.68193e-32
