# DM Mass [GeV] Xsec [cm^2]
1.524e-05 1.159e-26
1.841e-05 1.633e-29
2.223e-05 7.608e-31
2.685e-05 1.471e-31
3.242e-05 5.525e-32
3.915e-05 3.237e-32
4.728e-05 2.214e-32
5.709e-05 7.100e-33
6.895e-05 3.822e-33
8.326e-05 2.737e-33
1.005e-04 2.267e-33
1.214e-04 2.119e-33
1.466e-04 2.175e-33
1.771e-04 2.379e-33
2.138e-04 2.753e-33
2.582e-04 3.265e-33
3.119e-04 3.981e-33
3.766e-04 4.936e-33
4.548e-04 6.188e-33
5.492e-04 7.795e-33
6.632e-04 9.781e-33
8.009e-04 1.219e-32
9.672e-04 1.510e-32
1.168e-03 1.883e-32
1.411e-03 2.314e-32
1.703e-03 2.823e-32
2.057e-03 3.446e-32
2.484e-03 4.185e-32
3.000e-03 5.025e-32
3.623e-03 6.061e-32
4.375e-03 7.303e-32
5.283e-03 8.668e-32
6.380e-03 1.031e-31
7.704e-03 1.224e-31
9.304e-03 1.435e-31
1.124e-02 1.693e-31
1.357e-02 1.963e-31
1.638e-02 2.280e-31
1.979e-02 2.646e-31
2.389e-02 3.094e-31
2.886e-02 3.641e-31
3.485e-02 4.278e-31
4.208e-02 3.154e-31
5.082e-02 4.764e-32
6.137e-02 1.187e-32
7.411e-02 4.361e-33
8.949e-02 2.081e-33
1.081e-01 1.196e-33
1.305e-01 7.821e-34
1.576e-01 5.330e-34
1.903e-01 3.596e-34
2.298e-01 2.563e-34
2.776e-01 1.974e-34
3.352e-01 1.617e-34
4.048e-01 1.397e-34
4.888e-01 1.197e-34
5.903e-01 9.252e-35
7.129e-01 7.892e-35
8.609e-01 6.203e-35
1.040e+00 6.094e-35
1.255e+00 5.259e-35
1.516e+00 3.992e-35
1.831e+00 2.842e-35
2.211e+00 1.854e-35
2.670e+00 1.426e-35
3.224e+00 9.522e-36
3.894e+00 5.670e-36
4.702e+00 4.117e-36
5.678e+00 2.736e-36
6.857e+00 1.527e-36
8.281e+00 9.338e-37
1.000e+01 5.628e-37
