3.00000e-04 inf
3.78247e-04 inf
4.76901e-04 inf
6.01288e-04 3.74380e-31
7.58117e-04 6.45254e-33
9.55850e-04 4.64462e-34
1.20516e-03 6.77556e-35
1.51949e-03 1.37525e-35
1.91580e-03 3.64529e-36
2.41549e-03 1.19973e-36
3.04550e-03 5.02457e-37
3.83983e-03 2.57302e-37
4.84134e-03 1.53265e-37
6.10406e-03 1.08130e-37
7.69614e-03 8.24511e-38
9.70346e-03 6.94917e-38
1.22343e-02 6.10709e-38
1.54253e-02 5.57059e-38
1.94486e-02 5.58651e-38
2.45212e-02 5.68049e-38
3.09168e-02 6.19986e-38
3.89806e-02 6.78709e-38
4.91476e-02 7.74435e-38
6.19663e-02 8.67600e-38
7.81285e-02 1.03630e-37
9.85061e-02 1.26764e-37
1.24199e-01 1.51365e-37
1.56592e-01 1.83324e-37
1.97435e-01 2.26703e-37
2.48930e-01 2.83926e-37
3.13857e-01 3.47670e-37
3.95718e-01 4.34924e-37
4.98929e-01 5.48321e-37
6.29061e-01 6.49562e-37
7.93134e-01 7.99681e-37
1.00000e+00 1.00478e-36
