3.00000e-04 inf
3.78247e-04 inf
4.76901e-04 inf
6.01288e-04 6.10384e-31
7.58117e-04 2.21491e-32
9.55850e-04 3.53196e-33
1.20516e-03 1.04812e-33
1.51949e-03 4.30610e-34
1.91580e-03 2.16390e-34
2.41549e-03 1.21198e-34
3.04550e-03 7.38255e-35
3.83983e-03 4.89294e-35
4.84134e-03 3.81359e-35
6.10406e-03 3.20236e-35
7.69614e-03 2.88018e-35
9.70346e-03 2.82345e-35
1.22343e-02 2.84496e-35
1.54253e-02 3.03169e-35
1.94486e-02 3.40444e-35
2.45212e-02 3.80480e-35
3.09168e-02 4.43918e-35
3.89806e-02 5.26410e-35
4.91476e-02 6.19932e-35
6.19663e-02 7.55270e-35
7.81285e-02 9.33006e-35
9.85061e-02 1.15294e-34
1.24199e-01 1.42009e-34
1.56592e-01 1.74789e-34
1.97435e-01 2.19761e-34
2.48930e-01 2.71504e-34
3.13857e-01 3.46051e-34
3.95718e-01 4.33828e-34
4.98929e-01 5.38844e-34
6.29061e-01 6.66938e-34
7.93134e-01 8.36736e-34
1.00000e+00 1.05925e-33
