# DM Mass [GeV] Xsec [cm^2]
2.400e-05 6.770e-24
2.880e-05 3.054e-27
3.456e-05 1.274e-28
4.147e-05 1.289e-29
4.976e-05 1.196e-30
5.971e-05 4.297e-31
7.165e-05 2.588e-31
8.597e-05 1.898e-31
1.032e-04 1.606e-31
1.238e-04 1.514e-31
1.485e-04 1.556e-31
1.782e-04 1.716e-31
2.138e-04 1.973e-31
2.566e-04 2.333e-31
3.079e-04 2.818e-31
3.694e-04 3.463e-31
4.433e-04 4.283e-31
5.319e-04 5.345e-31
6.383e-04 6.677e-31
7.659e-04 8.313e-31
9.190e-04 1.029e-30
1.103e-03 1.269e-30
1.323e-03 1.559e-30
1.588e-03 1.896e-30
1.905e-03 2.296e-30
2.286e-03 2.784e-30
2.743e-03 3.325e-30
3.291e-03 3.965e-30
3.949e-03 4.733e-30
4.739e-03 5.642e-30
5.686e-03 6.695e-30
6.823e-03 7.874e-30
8.187e-03 9.231e-30
9.823e-03 1.076e-29
1.179e-02 1.251e-29
1.414e-02 1.452e-29
1.697e-02 1.689e-29
2.036e-02 1.947e-29
2.444e-02 2.252e-29
2.932e-02 2.302e-29
3.518e-02 1.938e-29
4.222e-02 4.567e-30
5.065e-02 6.945e-31
6.078e-02 1.669e-31
7.293e-02 5.876e-32
8.751e-02 2.770e-32
1.050e-01 1.596e-32
1.260e-01 7.373e-33
1.512e-01 3.929e-33
1.814e-01 2.443e-33
2.177e-01 1.717e-33
2.612e-01 1.343e-33
3.134e-01 1.093e-33
3.761e-01 9.220e-34
4.513e-01 7.908e-34
5.415e-01 6.793e-34
6.497e-01 5.807e-34
7.796e-01 4.721e-34
9.355e-01 3.905e-34
1.123e+00 3.179e-34
1.347e+00 2.480e-34
1.616e+00 1.840e-34
1.939e+00 1.355e-34
2.327e+00 9.536e-35
2.792e+00 6.646e-35
3.350e+00 4.602e-35
4.020e+00 3.026e-35
4.824e+00 1.797e-35
5.788e+00 1.151e-35
6.945e+00 7.446e-36
8.334e+00 4.693e-36
1.000e+01 2.880e-36
