1.00000e-01 inf
1.21819e-01 inf
1.48398e-01 inf
1.80777e-01 inf
2.20220e-01 inf
2.68270e-01 inf
3.26803e-01 inf
3.98107e-01 2.01195e-37
4.84969e-01 2.19686e-38
5.90784e-01 4.64973e-39
7.19686e-01 1.23396e-39
8.76712e-01 4.39690e-40
1.06800e+00 1.36228e-40
1.30103e+00 4.31242e-41
1.58489e+00 1.41591e-41
1.93070e+00 5.87127e-42
2.35195e+00 2.79058e-42
2.86512e+00 1.74996e-42
3.49025e+00 1.20876e-42
4.25179e+00 9.00494e-43
5.17947e+00 7.06712e-43
6.30957e+00 5.75483e-43
7.68625e+00 4.82691e-43
9.36329e+00 4.14226e-43
1.14062e+01 3.63030e-43
1.38950e+01 3.24431e-43
1.69267e+01 2.95105e-43
2.06199e+01 2.74253e-43
2.51189e+01 2.60826e-43
3.05995e+01 2.53749e-43
3.72759e+01 2.53128e-43
4.54091e+01 2.58334e-43
5.53168e+01 2.70737e-43
6.73863e+01 2.90791e-43
8.20891e+01 3.19552e-43
1.00000e+02 3.58281e-43
