1.00000e-03 inf
1.21819e-03 inf
1.48398e-03 4.36164e-32
1.80777e-03 7.78022e-34
2.20220e-03 1.20395e-34
2.68270e-03 3.82299e-35
3.26803e-03 1.81806e-35
3.98107e-03 1.06498e-35
4.84969e-03 7.77154e-36
5.90784e-03 6.44542e-36
7.19686e-03 5.65822e-36
8.76712e-03 5.36196e-36
1.06800e-02 5.42619e-36
1.30103e-02 5.65281e-36
1.58489e-02 6.23112e-36
1.93070e-02 6.84197e-36
2.35195e-02 7.58777e-36
2.86512e-02 8.66299e-36
3.49025e-02 9.97289e-36
4.25179e-02 1.17807e-35
5.17947e-02 1.36709e-35
6.30957e-02 1.63124e-35
7.68625e-02 1.96756e-35
9.36329e-02 2.31895e-35
1.14062e-01 2.77683e-35
1.38950e-01 3.25857e-35
1.69267e-01 4.02848e-35
2.06199e-01 4.84659e-35
2.51189e-01 5.86478e-35
3.05995e-01 7.14357e-35
3.72759e-01 8.61691e-35
4.54091e-01 1.04585e-34
5.53168e-01 1.29528e-34
6.73863e-01 1.54996e-34
8.20891e-01 1.87673e-34
1.00000e+00 2.27640e-34
