1.00000e-01 inf
1.21819e-01 inf
1.48398e-01 inf
1.80777e-01 3.85295e-40
2.20220e-01 4.02811e-41
2.68270e-01 1.09114e-41
3.26803e-01 4.44373e-42
3.98107e-01 2.32814e-42
4.84969e-01 1.40286e-42
5.90784e-01 8.98228e-43
7.19686e-01 6.03242e-43
8.76712e-01 4.14910e-43
1.06800e+00 2.90783e-43
1.30103e+00 2.10280e-43
1.58489e+00 1.55979e-43
1.93070e+00 1.19902e-43
2.35195e+00 9.48022e-44
2.86512e+00 7.73149e-44
3.49025e+00 6.45332e-44
4.25179e+00 5.48105e-44
5.17947e+00 4.71972e-44
6.30957e+00 4.10838e-44
7.68625e+00 3.61090e-44
9.36329e+00 3.20567e-44
1.14062e+01 2.87316e-44
1.38950e+01 2.60849e-44
1.69267e+01 2.40128e-44
2.06199e+01 2.24946e-44
2.51189e+01 2.14834e-44
3.05995e+01 2.09961e-44
3.72759e+01 2.09638e-44
4.54091e+01 2.14234e-44
5.53168e+01 2.24591e-44
6.73863e+01 2.41349e-44
8.20891e+01 2.65382e-44
1.00000e+02 2.97600e-44
