1.00000e-03 inf
1.21819e-03 inf
1.48398e-03 2.11388e-34
1.80777e-03 1.20255e-36
2.20220e-03 1.19638e-37
2.68270e-03 2.95496e-38
3.26803e-03 1.17583e-38
3.98107e-03 6.15665e-39
4.84969e-03 3.92625e-39
5.90784e-03 3.05466e-39
7.19686e-03 2.50362e-39
8.76712e-03 2.18989e-39
1.06800e-02 2.04672e-39
1.30103e-02 2.06539e-39
1.58489e-02 2.08733e-39
1.93070e-02 2.33897e-39
2.35195e-02 2.51282e-39
2.86512e-02 3.05254e-39
3.49025e-02 3.42106e-39
4.25179e-02 3.91438e-39
5.17947e-02 4.60180e-39
6.30957e-02 5.60118e-39
7.68625e-02 6.50243e-39
9.36329e-02 7.76714e-39
1.14062e-01 8.97742e-39
1.38950e-01 1.11800e-38
1.69267e-01 1.30523e-38
2.06199e-01 1.66887e-38
2.51189e-01 1.89116e-38
3.05995e-01 2.25475e-38
3.72759e-01 2.84185e-38
4.54091e-01 3.48565e-38
5.53168e-01 4.13865e-38
6.73863e-01 5.14282e-38
8.20891e-01 6.09657e-38
1.00000e+00 7.58020e-38
