3.00000e-04 inf
3.78247e-04 inf
4.76901e-04 inf
6.01288e-04 8.68760e-33
7.58117e-04 3.15580e-34
9.55850e-04 4.88516e-35
1.20516e-03 1.46426e-35
1.51949e-03 6.01124e-36
1.91580e-03 3.10240e-36
2.41549e-03 1.84774e-36
3.04550e-03 1.26426e-36
3.83983e-03 9.18648e-37
4.84134e-03 7.53771e-37
6.10406e-03 6.61644e-37
7.69614e-03 6.27278e-37
9.70346e-03 6.32576e-37
1.22343e-02 6.65135e-37
1.54253e-02 7.23836e-37
1.94486e-02 8.28773e-37
2.45212e-02 9.83441e-37
3.09168e-02 1.11387e-36
3.89806e-02 1.32886e-36
4.91476e-02 1.64976e-36
6.19663e-02 2.00698e-36
7.81285e-02 2.42551e-36
9.85061e-02 3.09396e-36
1.24199e-01 3.61839e-36
1.56592e-01 4.60499e-36
1.97435e-01 5.69999e-36
2.48930e-01 7.23247e-36
3.13857e-01 8.97139e-36
3.95718e-01 1.13529e-35
4.98929e-01 1.42717e-35
6.29061e-01 1.83621e-35
7.93134e-01 2.26388e-35
1.00000e+00 2.82250e-35
