1.00000e-03 6.47841e-22
1.21819e-03 2.10099e-22
1.48398e-03 6.77719e-23
1.80777e-03 2.16631e-23
2.20220e-03 6.80895e-24
2.68270e-03 2.06993e-24
3.26803e-03 6.06213e-25
3.98107e-03 1.72021e-25
4.84969e-03 4.78202e-26
5.90784e-03 1.30291e-26
7.19686e-03 3.54515e-27
8.76712e-03 9.80802e-28
1.06800e-02 2.80305e-28
1.30103e-02 8.41707e-29
1.58489e-02 2.75004e-29
1.93070e-02 1.01767e-29
2.35195e-02 4.35057e-30
2.86512e-02 2.18308e-30
3.49025e-02 5.83261e-31
4.25179e-02 4.65160e-32
5.17947e-02 6.87541e-33
6.30957e-02 1.84493e-33
7.68625e-02 5.96840e-34
9.36329e-02 2.81679e-34
1.14062e-01 1.52074e-34
1.38950e-01 9.77439e-35
1.69267e-01 5.82874e-35
2.06199e-01 3.78014e-35
2.51189e-01 3.25957e-35
3.05995e-01 2.93951e-35
3.72759e-01 2.00829e-35
4.54091e-01 2.16897e-35
5.53168e-01 1.89048e-35
6.73863e-01 1.83457e-35
8.20891e-01 1.82882e-35
1.00000e+00 1.81165e-35
