1.00000e-01 inf
1.21819e-01 inf
1.48398e-01 inf
1.80777e-01 9.53605e-38
2.20220e-01 1.91332e-39
2.68270e-01 2.72606e-40
3.26803e-01 7.95408e-41
3.98107e-01 3.52911e-41
4.84969e-01 1.85160e-41
5.90784e-01 1.01041e-41
7.19686e-01 4.92910e-42
8.76712e-01 2.29365e-42
1.06800e+00 1.28104e-42
1.30103e+00 7.81604e-43
1.58489e+00 5.17691e-43
1.93070e+00 3.63912e-43
2.35195e+00 2.68834e-43
2.86512e+00 2.06693e-43
3.49025e+00 1.64492e-43
4.25179e+00 1.34931e-43
5.17947e+00 1.13259e-43
6.30957e+00 9.66395e-44
7.68625e+00 8.37897e-44
9.36329e+00 7.36922e-44
1.14062e+01 6.56149e-44
1.38950e+01 5.92862e-44
1.69267e+01 5.44106e-44
2.06199e+01 5.08529e-44
2.51189e+01 4.85435e-44
3.05995e+01 4.73379e-44
3.72759e+01 4.72605e-44
4.54091e+01 4.82772e-44
5.53168e+01 5.06010e-44
6.73863e+01 5.43740e-44
8.20891e+01 5.97864e-44
1.00000e+02 6.70159e-44
