3.00000e-04 inf
3.78247e-04 inf
4.76901e-04 2.79973e-22
6.01288e-04 3.27828e-31
7.58117e-04 5.59112e-33
9.55850e-04 4.05332e-34
1.20516e-03 5.89097e-35
1.51949e-03 1.19244e-35
1.91580e-03 3.11121e-36
2.41549e-03 9.83263e-37
3.04550e-03 3.94260e-37
3.83983e-03 1.92393e-37
4.84134e-03 1.13565e-37
6.10406e-03 7.66477e-38
7.69614e-03 5.60053e-38
9.70346e-03 4.61751e-38
1.22343e-02 4.00671e-38
1.54253e-02 3.77234e-38
1.94486e-02 3.65396e-38
2.45212e-02 3.69927e-38
3.09168e-02 3.91284e-38
3.89806e-02 4.27111e-38
4.91476e-02 4.68522e-38
6.19663e-02 5.44128e-38
7.81285e-02 6.39451e-38
9.85061e-02 7.41394e-38
1.24199e-01 8.92467e-38
1.56592e-01 1.09393e-37
1.97435e-01 1.35216e-37
2.48930e-01 1.64591e-37
3.13857e-01 2.05494e-37
3.95718e-01 2.51776e-37
4.98929e-01 3.06900e-37
6.29061e-01 3.93286e-37
7.93134e-01 4.96092e-37
1.00000e+00 5.92445e-37
