# DM Mass [GeV] Xsec [cm^2]
4.658e-05 3.306e-21
5.361e-05 2.393e-22
6.170e-05 2.114e-23
7.100e-05 4.913e-24
8.171e-05 1.567e-24
9.403e-05 2.614e-25
1.082e-04 8.659e-30
1.245e-04 5.632e-31
1.433e-04 1.744e-31
1.649e-04 8.986e-32
1.898e-04 6.121e-32
2.184e-04 5.027e-32
2.514e-04 4.670e-32
2.893e-04 4.674e-32
3.330e-04 4.857e-32
3.832e-04 5.094e-32
4.410e-04 5.413e-32
5.075e-04 5.819e-32
5.840e-04 6.181e-32
6.721e-04 6.332e-32
7.735e-04 6.204e-32
8.901e-04 5.670e-32
1.024e-03 4.788e-32
1.179e-03 4.099e-32
1.357e-03 3.485e-32
1.561e-03 3.022e-32
1.797e-03 2.600e-32
2.068e-03 2.250e-32
2.380e-03 1.958e-32
2.739e-03 1.708e-32
3.152e-03 1.495e-32
3.627e-03 1.310e-32
4.174e-03 1.148e-32
4.804e-03 1.012e-32
5.528e-03 8.959e-33
6.362e-03 7.986e-33
7.322e-03 7.198e-33
8.426e-03 6.534e-33
9.697e-03 6.003e-33
1.116e-02 5.626e-33
1.284e-02 5.405e-33
1.478e-02 5.312e-33
1.701e-02 5.355e-33
1.957e-02 5.590e-33
2.253e-02 6.085e-33
2.592e-02 6.891e-33
2.984e-02 7.838e-33
3.434e-02 2.796e-33
3.951e-02 4.023e-34
4.547e-02 7.376e-35
5.233e-02 1.824e-35
6.023e-02 6.297e-36
6.931e-02 2.787e-36
7.976e-02 1.486e-36
9.179e-02 8.710e-37
1.056e-01 4.967e-37
1.216e-01 2.535e-37
1.399e-01 1.342e-37
1.610e-01 9.239e-38
1.853e-01 7.101e-38
2.132e-01 5.543e-38
2.454e-01 4.842e-38
2.824e-01 4.482e-38
3.250e-01 3.871e-38
3.740e-01 3.376e-38
4.305e-01 3.070e-38
4.954e-01 2.935e-38
5.701e-01 2.540e-38
6.561e-01 2.282e-38
7.551e-01 2.070e-38
8.689e-01 1.520e-38
1.000e+00 1.561e-38
