1.00000e-05 inf
1.21547e-05 inf
1.47738e-05 inf
1.79571e-05 inf
2.18264e-05 inf
2.65295e-05 inf
3.22459e-05 inf
3.91941e-05 inf
4.76394e-05 inf
5.79044e-05 inf
7.03814e-05 inf
8.55467e-05 inf
1.03980e-04 2.49209e-11
1.26385e-04 9.85363e-14
1.53617e-04 7.13044e-15
1.86718e-04 9.36977e-16
2.26951e-04 1.67999e-16
2.75853e-04 3.65142e-17
3.35292e-04 8.84718e-18
4.07539e-04 2.19242e-18
4.95354e-04 5.71699e-19
6.02089e-04 1.47527e-19
7.31824e-04 3.94951e-20
8.89513e-04 1.02738e-20
1.08118e-03 2.59392e-21
1.31415e-03 6.65233e-22
1.59731e-03 1.70903e-22
1.94149e-03 4.09958e-23
2.35983e-03 1.02805e-23
2.86832e-03 2.60393e-24
3.48637e-03 6.60311e-25
4.23759e-03 1.62990e-25
5.15068e-03 3.96295e-26
6.26052e-03 9.29342e-27
7.60950e-03 2.36518e-27
9.24915e-03 5.66358e-28
1.12421e-02 1.37525e-28
1.36645e-02 3.57001e-29
1.66088e-02 1.04886e-29
2.01876e-02 3.01323e-30
2.45375e-02 1.09525e-30
2.98247e-02 4.37849e-31
3.62512e-02 1.77927e-31
4.40624e-02 6.33591e-32
5.35567e-02 2.29312e-32
6.50968e-02 9.52882e-33
7.91234e-02 4.97264e-33
9.61725e-02 2.98773e-33
1.16895e-01 2.18740e-33
1.42083e-01 1.66293e-33
1.72698e-01 1.31861e-33
2.09910e-01 1.22831e-33
2.55141e-01 1.24207e-33
3.10117e-01 1.27336e-33
3.76939e-01 1.33420e-33
4.58160e-01 1.39047e-33
5.56881e-01 1.45225e-33
6.76875e-01 1.50431e-33
8.22724e-01 1.54369e-33
1.00000e+00 1.55931e-33
