3.00000e-05 inf
3.47395e-05 inf
4.02278e-05 inf
4.65831e-05 inf
5.39425e-05 inf
6.24646e-05 inf
7.23330e-05 inf
8.37604e-05 inf
9.69932e-05 inf
1.12317e-04 inf
1.30061e-04 inf
1.50608e-04 inf
1.74402e-04 inf
2.01955e-04 inf
2.33860e-04 6.65748e+02
2.70806e-04 5.53147e+00
3.13590e-04 1.63566e-01
3.63132e-04 8.03023e-03
4.20501e-04 5.26790e-04
4.86933e-04 4.13324e-05
5.63860e-04 3.67336e-06
6.52941e-04 3.57129e-07
7.56095e-04 3.72131e-08
8.75546e-04 4.05466e-09
1.01387e-03 4.57039e-10
1.17404e-03 5.27811e-11
1.35952e-03 6.14923e-12
1.57431e-03 7.25039e-13
1.82302e-03 8.58363e-14
2.11103e-03 1.02019e-14
2.44454e-03 1.19001e-15
2.83074e-03 1.36235e-16
3.27795e-03 1.55047e-17
3.79581e-03 1.73766e-18
4.39549e-03 1.92097e-19
5.08990e-03 2.10715e-20
5.89402e-03 2.28826e-21
6.82518e-03 2.48199e-22
7.90345e-03 2.68976e-23
9.15207e-03 2.97979e-24
1.05980e-02 3.36576e-25
1.22723e-02 4.02012e-26
1.42111e-02 5.19223e-27
1.64562e-02 7.51256e-28
1.90560e-02 4.57984e-28
2.20666e-02 3.36499e-29
2.55527e-02 3.13414e-30
2.95896e-02 5.81589e-31
3.42643e-02 1.00078e-31
3.96775e-02 1.08401e-32
4.59459e-02 1.69190e-33
5.32047e-02 4.29682e-34
6.16101e-02 1.49533e-34
7.13435e-02 6.78492e-35
8.26147e-02 3.89133e-35
9.56665e-02 1.82737e-35
1.10780e-01 8.33512e-36
1.28282e-01 4.29134e-36
1.48548e-01 2.61166e-36
1.72016e-01 1.83727e-36
1.99192e-01 1.52690e-36
2.30661e-01 1.22324e-36
2.67102e-01 1.16280e-36
3.09300e-01 9.99419e-37
3.58164e-01 8.86533e-37
4.14749e-01 7.56060e-37
4.80272e-01 5.71010e-37
5.56147e-01 4.19742e-37
6.44010e-01 3.19943e-37
7.45753e-01 2.43272e-37
8.63570e-01 2.11978e-37
1.00000e+00 1.65671e-37
