1.00000e-02 inf
1.22168e-02 inf
1.49250e-02 inf
1.82335e-02 4.23654e-24
2.22754e-02 6.43821e-30
2.72134e-02 3.01874e-32
3.32460e-02 7.57446e-34
4.06159e-02 2.25143e-35
4.96195e-02 1.47252e-36
6.06190e-02 2.13364e-37
7.40568e-02 5.37009e-38
9.04736e-02 1.10342e-38
1.10530e-01 2.39443e-39
1.35031e-01 8.15945e-40
1.64965e-01 3.54632e-40
2.01534e-01 1.89377e-40
2.46209e-01 1.07031e-40
3.00788e-01 6.98883e-41
3.67466e-01 2.34544e-41
4.48925e-01 9.20263e-42
5.48442e-01 4.18790e-42
6.70019e-01 2.30326e-42
8.18547e-01 1.39922e-42
1.00000e+00 8.52868e-43
