3.00000e-05 inf
3.47395e-05 inf
4.02278e-05 inf
4.65831e-05 7.86695e-19
5.39425e-05 1.54292e-20
6.24646e-05 1.88787e-21
7.23330e-05 4.20274e-22
8.37604e-05 1.25141e-22
9.69932e-05 4.59684e-23
1.12317e-04 1.85126e-23
1.30061e-04 8.27252e-24
1.50608e-04 4.02216e-24
1.74402e-04 2.05392e-24
2.01955e-04 1.09328e-24
2.33860e-04 7.24549e-26
2.70806e-04 9.26468e-27
3.13590e-04 2.87306e-27
3.63132e-04 1.28125e-27
4.20501e-04 7.16691e-28
4.86933e-04 4.74185e-28
5.63860e-04 3.39197e-28
6.52941e-04 2.55927e-28
7.56095e-04 2.04753e-28
8.75546e-04 1.69491e-28
1.01387e-03 1.34030e-28
1.17404e-03 1.13777e-28
1.35952e-03 9.37415e-29
1.57431e-03 7.85293e-29
1.82302e-03 6.34330e-29
2.11103e-03 5.13340e-29
2.44454e-03 4.12476e-29
2.83074e-03 3.28498e-29
3.27795e-03 2.53751e-29
3.79581e-03 1.91226e-29
4.39549e-03 1.40755e-29
5.08990e-03 1.03524e-29
5.89402e-03 7.48404e-30
6.82518e-03 5.28700e-30
7.90345e-03 3.62541e-30
9.15207e-03 2.57291e-30
1.05980e-02 1.88334e-30
1.22723e-02 1.35280e-30
1.42111e-02 9.92357e-31
1.64562e-02 7.65571e-31
1.90560e-02 5.95149e-31
2.20666e-02 4.97816e-31
2.55527e-02 4.40632e-31
2.95896e-02 3.86528e-31
3.42643e-02 2.71877e-31
3.96775e-02 1.37890e-31
4.59459e-02 6.53785e-32
5.32047e-02 3.19800e-32
6.16101e-02 1.40229e-32
7.13435e-02 7.99139e-33
8.26147e-02 5.26094e-33
9.56665e-02 3.40792e-33
1.10780e-01 2.57106e-33
1.28282e-01 2.03621e-33
1.48548e-01 1.69061e-33
1.72016e-01 1.56514e-33
1.99192e-01 1.31495e-33
2.30661e-01 1.28982e-33
2.67102e-01 1.28414e-33
3.09300e-01 1.31470e-33
3.58164e-01 1.34739e-33
4.14749e-01 1.38592e-33
4.80272e-01 1.42704e-33
5.56147e-01 1.46518e-33
6.44010e-01 1.50216e-33
7.45753e-01 1.53179e-33
8.63570e-01 1.55476e-33
1.00000e+00 1.56375e-33
