1.00000e-03 inf
1.21819e-03 inf
1.48398e-03 2.09754e-35
1.80777e-03 1.25309e-37
2.20220e-03 1.46652e-38
2.68270e-03 4.12813e-39
3.26803e-03 1.77466e-39
3.98107e-03 1.07977e-39
4.84969e-03 7.30187e-40
5.90784e-03 5.81033e-40
7.19686e-03 5.27692e-40
8.76712e-03 4.88433e-40
1.06800e-02 4.84367e-40
1.30103e-02 5.07410e-40
1.58489e-02 5.49588e-40
1.93070e-02 6.13052e-40
2.35195e-02 6.89441e-40
2.86512e-02 8.01904e-40
3.49025e-02 9.06136e-40
4.25179e-02 1.10559e-39
5.17947e-02 1.30154e-39
6.30957e-02 1.50995e-39
7.68625e-02 1.80073e-39
9.36329e-02 2.14945e-39
1.14062e-01 2.60805e-39
1.38950e-01 3.16890e-39
1.69267e-01 3.87392e-39
2.06199e-01 4.59291e-39
2.51189e-01 5.60467e-39
3.05995e-01 6.89145e-39
3.72759e-01 8.14854e-39
4.54091e-01 1.00478e-38
5.53168e-01 1.23443e-38
6.73863e-01 1.47249e-38
8.20891e-01 1.77878e-38
1.00000e+00 2.20043e-38
