1.00000e-01 inf
1.21819e-01 inf
1.48398e-01 inf
1.80777e-01 inf
2.20220e-01 2.31900e-39
2.68270e-01 3.87448e-40
3.26803e-01 1.09272e-40
3.98107e-01 4.88969e-41
4.84969e-01 2.60860e-41
5.90784e-01 1.37596e-41
7.19686e-01 7.15596e-42
8.76712e-01 3.15925e-42
1.06800e+00 1.73938e-42
1.30103e+00 1.05529e-42
1.58489e+00 6.76323e-43
1.93070e+00 4.52610e-43
2.35195e+00 3.18067e-43
2.86512e+00 2.34736e-43
3.49025e+00 1.80630e-43
4.25179e+00 1.44143e-43
5.17947e+00 1.18737e-43
6.30957e+00 9.99215e-44
7.68625e+00 8.58181e-44
9.36329e+00 7.48605e-44
1.14062e+01 6.63654e-44
1.38950e+01 5.97444e-44
1.69267e+01 5.47045e-44
2.06199e+01 5.10553e-44
2.51189e+01 4.86512e-44
3.05995e+01 4.74296e-44
3.72759e+01 4.73240e-44
4.54091e+01 4.83316e-44
5.53168e+01 5.06618e-44
6.73863e+01 5.44283e-44
8.20891e+01 5.98238e-44
1.00000e+02 6.70682e-44
