1.00000e-05 inf
1.21547e-05 inf
1.47738e-05 inf
1.79571e-05 inf
2.18264e-05 inf
2.65295e-05 inf
3.22459e-05 inf
3.91941e-05 inf
4.76394e-05 inf
5.79044e-05 inf
7.03814e-05 inf
8.55467e-05 inf
1.03980e-04 5.95151e-09
1.26385e-04 1.86031e-12
1.53617e-04 9.62093e-14
1.86718e-04 1.00606e-14
2.26951e-04 1.42006e-15
2.75853e-04 2.35470e-16
3.35292e-04 4.35037e-17
4.07539e-04 8.55712e-18
4.95354e-04 1.77519e-18
6.02089e-04 3.80092e-19
7.31824e-04 8.46555e-20
8.89513e-04 1.91035e-20
1.08118e-03 4.40959e-21
1.31415e-03 1.02996e-21
1.59731e-03 2.43931e-22
1.94149e-03 5.84707e-23
2.35983e-03 1.41907e-23
2.86832e-03 3.42395e-24
3.48637e-03 8.27493e-25
4.23759e-03 1.97911e-25
5.15068e-03 4.67995e-26
6.26052e-03 1.09828e-26
7.60950e-03 2.55747e-27
9.24915e-03 5.96296e-28
1.12421e-02 1.40879e-28
1.36645e-02 3.46169e-29
1.66088e-02 9.14241e-30
2.01876e-02 2.68743e-30
2.45375e-02 8.98235e-31
2.98247e-02 3.44004e-31
3.62512e-02 5.53146e-32
4.40624e-02 5.14611e-33
5.35567e-02 8.77328e-34
6.50968e-02 2.53332e-34
7.91234e-02 9.86321e-35
9.61725e-02 4.83832e-35
1.16895e-01 2.60799e-35
1.42083e-01 1.55764e-35
1.72698e-01 9.90106e-36
2.09910e-01 6.09578e-36
2.55141e-01 5.28212e-36
3.10117e-01 3.78674e-36
3.76939e-01 3.12665e-36
4.58160e-01 3.10273e-36
5.56881e-01 2.80628e-36
6.76875e-01 2.92592e-36
8.22724e-01 2.79298e-36
1.00000e+00 2.77145e-36
