1.00000e-03 inf
1.21819e-03 inf
1.48398e-03 9.72893e-33
1.80777e-03 1.25533e-34
2.20220e-03 1.60507e-35
2.68270e-03 5.19938e-36
3.26803e-03 2.44274e-36
3.98107e-03 1.48426e-36
4.84969e-03 1.06085e-36
5.90784e-03 8.42906e-37
7.19686e-03 7.89805e-37
8.76712e-03 7.46923e-37
1.06800e-02 7.10311e-37
1.30103e-02 7.39772e-37
1.58489e-02 8.21753e-37
1.93070e-02 9.02450e-37
2.35195e-02 1.05104e-36
2.86512e-02 1.18021e-36
3.49025e-02 1.38732e-36
4.25179e-02 1.65121e-36
5.17947e-02 1.88745e-36
6.30957e-02 2.21658e-36
7.68625e-02 2.68645e-36
9.36329e-02 3.15908e-36
1.14062e-01 3.75658e-36
1.38950e-01 4.53696e-36
1.69267e-01 5.66513e-36
2.06199e-01 6.66838e-36
2.51189e-01 8.01931e-36
3.05995e-01 9.78404e-36
3.72759e-01 1.19512e-35
4.54091e-01 1.45974e-35
5.53168e-01 1.76298e-35
6.73863e-01 2.13624e-35
8.20891e-01 2.63870e-35
1.00000e+00 3.12122e-35
