# DM Mass [GeV] Xsec [cm^2]
1.040e-04 2.105e-11
1.183e-04 5.517e-13
1.346e-04 3.645e-14
1.532e-04 6.319e-15
1.743e-04 1.653e-15
1.984e-04 4.790e-16
2.257e-04 1.545e-16
2.568e-04 5.553e-17
2.922e-04 2.069e-17
3.325e-04 8.014e-18
3.784e-04 3.222e-18
4.306e-04 1.308e-18
4.899e-04 5.354e-19
5.575e-04 2.201e-19
6.344e-04 9.062e-20
7.218e-04 3.738e-20
8.214e-04 1.522e-20
9.346e-04 6.187e-21
1.063e-03 2.516e-21
1.210e-03 1.014e-21
1.377e-03 4.062e-22
1.567e-03 1.614e-22
1.783e-03 6.491e-23
2.029e-03 2.602e-23
2.309e-03 1.034e-23
2.627e-03 4.102e-24
2.989e-03 1.632e-24
3.401e-03 6.526e-25
3.870e-03 2.568e-25
4.404e-03 1.009e-25
5.011e-03 3.986e-26
5.702e-03 1.562e-26
6.488e-03 6.109e-27
7.383e-03 2.395e-27
8.401e-03 9.486e-28
9.559e-03 3.762e-28
1.088e-02 1.483e-28
1.238e-02 6.032e-29
1.408e-02 2.500e-29
1.603e-02 1.065e-29
1.824e-02 4.757e-30
2.075e-02 2.207e-30
2.361e-02 1.098e-30
2.687e-02 5.750e-31
3.057e-02 2.729e-31
3.479e-02 6.325e-32
3.958e-02 9.543e-33
4.504e-02 1.742e-33
5.125e-02 4.811e-34
5.832e-02 1.773e-34
6.636e-02 7.908e-35
7.551e-02 4.466e-35
8.592e-02 2.035e-35
9.777e-02 8.498e-36
1.113e-01 4.483e-36
1.266e-01 2.615e-36
1.440e-01 1.665e-36
1.639e-01 1.308e-36
1.865e-01 1.058e-36
2.122e-01 8.731e-37
2.415e-01 7.261e-37
2.748e-01 6.498e-37
3.127e-01 5.938e-37
3.558e-01 3.324e-37
4.049e-01 2.024e-37
4.607e-01 1.324e-37
5.242e-01 9.464e-38
5.965e-01 7.279e-38
6.787e-01 5.970e-38
7.723e-01 4.822e-38
8.788e-01 3.880e-38
1.000e+00 3.111e-38
