# DM Mass [GeV] Xsec [cm^2]
1.222e-04 5.935e-09
1.257e-04 3.281e-09
1.293e-04 1.814e-09
1.330e-04 1.003e-09
1.368e-04 5.544e-10
1.408e-04 3.065e-10
1.448e-04 1.694e-10
1.490e-04 9.367e-11
1.533e-04 6.208e-11
1.577e-04 4.165e-11
1.622e-04 2.794e-11
1.669e-04 1.874e-11
1.717e-04 1.257e-11
1.766e-04 8.432e-12
1.817e-04 5.656e-12
1.869e-04 4.037e-12
1.923e-04 2.907e-12
1.978e-04 2.093e-12
2.035e-04 1.507e-12
2.094e-04 1.085e-12
2.154e-04 7.812e-13
2.216e-04 5.625e-13
2.280e-04 4.179e-13
2.345e-04 3.126e-13
2.413e-04 2.339e-13
2.482e-04 1.750e-13
2.553e-04 1.309e-13
2.627e-04 9.796e-14
2.702e-04 7.329e-14
2.780e-04 5.584e-14
2.860e-04 4.280e-14
2.942e-04 3.281e-14
3.027e-04 2.515e-14
3.114e-04 1.928e-14
3.203e-04 1.478e-14
3.296e-04 1.133e-14
3.390e-04 8.782e-15
3.488e-04 6.844e-15
3.588e-04 5.334e-15
3.691e-04 4.157e-15
3.797e-04 3.240e-15
3.907e-04 2.525e-15
4.019e-04 1.968e-15
4.135e-04 1.544e-15
4.254e-04 1.217e-15
4.376e-04 9.587e-16
4.502e-04 7.554e-16
4.631e-04 5.952e-16
4.764e-04 4.690e-16
4.901e-04 3.696e-16
5.042e-04 2.927e-16
5.187e-04 2.327e-16
5.336e-04 1.850e-16
5.490e-04 1.470e-16
5.648e-04 1.169e-16
5.810e-04 9.293e-17
5.977e-04 7.388e-17
6.149e-04 5.891e-17
6.326e-04 4.711e-17
6.508e-04 3.767e-17
6.695e-04 3.013e-17
6.888e-04 2.409e-17
7.086e-04 1.926e-17
7.290e-04 1.541e-17
7.499e-04 1.234e-17
7.715e-04 9.917e-18
7.937e-04 7.967e-18
8.165e-04 6.401e-18
8.400e-04 5.142e-18
8.641e-04 4.131e-18
8.890e-04 3.319e-18
9.146e-04 2.670e-18
9.409e-04 2.153e-18
9.679e-04 1.737e-18
9.957e-04 1.401e-18
1.024e-03 1.130e-18
1.054e-03 9.109e-19
1.084e-03 7.347e-19
1.115e-03 5.930e-19
1.147e-03 4.796e-19
1.180e-03 3.878e-19
1.214e-03 3.137e-19
1.249e-03 2.537e-19
1.285e-03 2.051e-19
1.322e-03 1.659e-19
1.360e-03 1.342e-19
1.399e-03 1.087e-19
1.440e-03 8.798e-20
1.481e-03 7.123e-20
1.524e-03 5.767e-20
1.567e-03 4.670e-20
1.612e-03 3.781e-20
1.659e-03 3.063e-20
1.706e-03 2.487e-20
1.756e-03 2.019e-20
1.806e-03 1.639e-20
1.858e-03 1.331e-20
1.911e-03 1.081e-20
1.966e-03 8.773e-21
2.023e-03 7.124e-21
2.081e-03 5.789e-21
2.141e-03 4.704e-21
2.203e-03 3.822e-21
2.266e-03 3.106e-21
2.331e-03 2.524e-21
2.398e-03 2.051e-21
2.467e-03 1.666e-21
2.538e-03 1.352e-21
2.611e-03 1.097e-21
2.686e-03 8.903e-22
2.763e-03 7.224e-22
2.843e-03 5.862e-22
2.925e-03 4.757e-22
3.009e-03 3.860e-22
3.095e-03 3.126e-22
3.184e-03 2.532e-22
3.276e-03 2.050e-22
3.370e-03 1.661e-22
3.467e-03 1.345e-22
3.567e-03 1.089e-22
3.669e-03 8.821e-23
3.775e-03 7.138e-23
3.883e-03 5.776e-23
3.995e-03 4.674e-23
4.110e-03 3.782e-23
4.228e-03 3.060e-23
4.350e-03 2.476e-23
4.475e-03 2.004e-23
4.603e-03 1.617e-23
4.736e-03 1.305e-23
4.872e-03 1.053e-23
5.012e-03 8.494e-24
5.156e-03 6.853e-24
5.304e-03 5.529e-24
5.457e-03 4.461e-24
5.614e-03 3.594e-24
5.775e-03 2.895e-24
5.941e-03 2.332e-24
6.112e-03 1.878e-24
6.288e-03 1.513e-24
6.469e-03 1.219e-24
6.655e-03 9.815e-25
6.846e-03 7.891e-25
7.043e-03 6.340e-25
7.246e-03 5.094e-25
7.454e-03 4.093e-25
7.669e-03 3.288e-25
7.889e-03 2.642e-25
8.116e-03 2.123e-25
8.349e-03 1.706e-25
8.589e-03 1.372e-25
8.836e-03 1.103e-25
9.091e-03 8.867e-26
9.352e-03 7.129e-26
9.621e-03 5.731e-26
9.898e-03 4.608e-26
1.018e-02 3.713e-26
1.048e-02 2.996e-26
1.078e-02 2.417e-26
1.109e-02 1.951e-26
1.141e-02 1.574e-26
1.173e-02 1.270e-26
1.207e-02 1.025e-26
1.242e-02 8.303e-27
1.277e-02 6.748e-27
1.314e-02 5.484e-27
1.352e-02 4.457e-27
1.391e-02 3.623e-27
1.431e-02 2.944e-27
1.472e-02 2.393e-27
1.514e-02 1.959e-27
1.558e-02 1.615e-27
1.603e-02 1.332e-27
1.649e-02 1.098e-27
1.696e-02 9.055e-28
1.745e-02 7.466e-28
1.795e-02 6.156e-28
1.847e-02 5.115e-28
1.900e-02 4.289e-28
1.955e-02 3.597e-28
2.011e-02 3.016e-28
2.069e-02 2.529e-28
2.128e-02 2.121e-28
2.189e-02 1.778e-28
2.252e-02 1.504e-28
2.317e-02 1.288e-28
2.384e-02 1.103e-28
2.452e-02 9.450e-29
2.523e-02 8.094e-29
2.595e-02 6.933e-29
2.670e-02 5.939e-29
2.747e-02 5.078e-29
2.826e-02 4.326e-29
2.907e-02 3.686e-29
2.991e-02 3.140e-29
3.077e-02 2.676e-29
3.165e-02 2.151e-29
3.256e-02 1.494e-29
3.350e-02 1.038e-29
3.446e-02 7.208e-30
3.545e-02 4.666e-30
3.647e-02 2.984e-30
3.752e-02 1.992e-30
3.860e-02 1.297e-30
3.971e-02 8.196e-31
4.085e-02 5.375e-31
4.203e-02 3.722e-31
4.323e-02 2.578e-31
4.448e-02 1.785e-31
4.576e-02 1.310e-31
4.707e-02 9.643e-32
4.843e-02 7.100e-32
4.982e-02 5.359e-32
5.125e-02 4.191e-32
5.273e-02 3.278e-32
5.424e-02 2.563e-32
5.580e-02 2.085e-32
5.741e-02 1.706e-32
5.906e-02 1.395e-32
6.076e-02 1.156e-32
6.250e-02 9.809e-33
6.430e-02 8.322e-33
6.615e-02 7.061e-33
6.805e-02 6.158e-33
7.001e-02 5.403e-33
7.202e-02 4.740e-33
7.409e-02 3.234e-33
7.622e-02 2.551e-33
7.842e-02 2.012e-33
8.067e-02 1.587e-33
8.299e-02 1.252e-33
8.538e-02 9.873e-34
8.783e-02 7.787e-34
9.036e-02 6.142e-34
9.296e-02 5.205e-34
9.563e-02 4.426e-34
9.838e-02 3.764e-34
1.012e-01 3.201e-34
1.041e-01 2.722e-34
1.071e-01 2.315e-34
1.102e-01 1.968e-34
1.134e-01 1.751e-34
1.166e-01 1.566e-34
1.200e-01 1.401e-34
1.234e-01 1.253e-34
1.270e-01 1.121e-34
1.306e-01 1.003e-34
1.344e-01 8.967e-35
1.383e-01 8.218e-35
1.422e-01 7.569e-35
1.463e-01 6.970e-35
1.505e-01 6.420e-35
1.549e-01 5.912e-35
1.593e-01 5.445e-35
1.639e-01 5.015e-35
1.686e-01 4.783e-35
1.735e-01 4.609e-35
1.784e-01 4.442e-35
1.836e-01 4.281e-35
1.889e-01 4.125e-35
1.943e-01 3.976e-35
1.999e-01 3.832e-35
2.056e-01 3.762e-35
2.115e-01 3.723e-35
2.176e-01 3.684e-35
2.239e-01 3.645e-35
2.303e-01 3.606e-35
2.369e-01 3.568e-35
2.438e-01 3.531e-35
2.508e-01 3.351e-35
2.580e-01 3.108e-35
2.654e-01 2.883e-35
2.730e-01 2.674e-35
2.809e-01 2.480e-35
2.890e-01 2.300e-35
2.973e-01 2.134e-35
3.058e-01 1.906e-35
3.146e-01 1.658e-35
3.237e-01 1.442e-35
3.330e-01 1.254e-35
3.425e-01 1.091e-35
3.524e-01 9.486e-36
3.625e-01 8.251e-36
3.729e-01 7.291e-36
3.837e-01 6.536e-36
3.947e-01 5.860e-36
4.061e-01 5.253e-36
4.177e-01 4.710e-36
4.297e-01 4.222e-36
4.421e-01 3.785e-36
4.548e-01 3.419e-36
4.679e-01 3.116e-36
4.814e-01 2.839e-36
4.952e-01 2.587e-36
5.094e-01 2.357e-36
5.241e-01 2.148e-36
5.392e-01 1.958e-36
5.547e-01 1.793e-36
5.706e-01 1.656e-36
5.870e-01 1.528e-36
6.039e-01 1.411e-36
6.213e-01 1.303e-36
6.391e-01 1.203e-36
6.575e-01 1.110e-36
6.764e-01 1.030e-36
6.959e-01 9.629e-37
7.159e-01 9.006e-37
7.365e-01 8.423e-37
7.577e-01 7.877e-37
7.795e-01 7.367e-37
8.019e-01 6.890e-37
8.249e-01 6.449e-37
8.487e-01 6.047e-37
8.731e-01 5.671e-37
8.982e-01 5.318e-37
9.240e-01 4.988e-37
9.506e-01 4.677e-37
9.779e-01 4.386e-37
1.006e+00 4.103e-37
1.035e+00 3.803e-37
1.065e+00 3.525e-37
1.095e+00 3.268e-37
1.127e+00 3.029e-37
1.159e+00 2.807e-37
1.193e+00 2.602e-37
1.227e+00 2.412e-37
1.262e+00 2.244e-37
1.298e+00 2.090e-37
1.336e+00 1.947e-37
1.374e+00 1.813e-37
1.414e+00 1.689e-37
1.454e+00 1.573e-37
1.496e+00 1.465e-37
1.539e+00 1.374e-37
1.584e+00 1.300e-37
1.629e+00 1.230e-37
1.676e+00 1.164e-37
1.724e+00 1.101e-37
1.774e+00 1.042e-37
1.825e+00 9.854e-38
1.877e+00 9.326e-38
1.931e+00 8.860e-38
1.987e+00 8.417e-38
2.044e+00 7.996e-38
2.103e+00 7.596e-38
2.163e+00 7.217e-38
2.225e+00 6.856e-38
2.289e+00 6.513e-38
2.355e+00 6.261e-38
2.423e+00 6.053e-38
2.493e+00 5.852e-38
2.564e+00 5.657e-38
2.638e+00 5.469e-38
2.714e+00 5.287e-38
2.792e+00 5.111e-38
2.872e+00 4.984e-38
2.955e+00 4.962e-38
3.040e+00 4.940e-38
3.127e+00 4.918e-38
3.217e+00 4.896e-38
3.310e+00 4.874e-38
3.405e+00 4.852e-38
3.503e+00 4.830e-38
3.603e+00 4.753e-38
3.707e+00 4.672e-38
3.814e+00 4.592e-38
3.923e+00 4.514e-38
4.036e+00 4.437e-38
4.152e+00 4.361e-38
4.272e+00 4.287e-38
4.395e+00 4.313e-38
4.521e+00 4.429e-38
4.651e+00 4.548e-38
4.785e+00 4.671e-38
4.922e+00 4.797e-38
5.064e+00 4.926e-38
5.209e+00 5.059e-38
5.359e+00 5.185e-38
5.513e+00 5.255e-38
5.672e+00 5.327e-38
5.835e+00 5.399e-38
6.003e+00 5.472e-38
6.176e+00 5.547e-38
6.353e+00 5.622e-38
6.536e+00 5.698e-38
6.724e+00 5.843e-38
6.917e+00 6.014e-38
7.116e+00 6.189e-38
7.321e+00 6.369e-38
7.531e+00 6.554e-38
7.748e+00 6.745e-38
7.971e+00 6.941e-38
8.200e+00 7.073e-38
8.436e+00 7.095e-38
8.678e+00 7.117e-38
8.928e+00 7.139e-38
9.185e+00 7.161e-38
9.449e+00 7.183e-38
9.720e+00 7.205e-38
1.000e+01 7.227e-38
