3.00000e-05 inf
3.47395e-05 inf
4.02278e-05 inf
4.65831e-05 1.56091e-20
5.39425e-05 2.07502e-21
6.24646e-05 7.26240e-22
7.23330e-05 4.36510e-22
8.37604e-05 9.25499e-22
9.69932e-05 3.82505e-20
1.12317e-04 1.51104e-19
1.30061e-04 5.91213e-20
1.50608e-04 2.36382e-20
1.74402e-04 9.15381e-21
2.01955e-04 3.44373e-21
2.33860e-04 1.20119e-21
2.70806e-04 4.30780e-22
3.13590e-04 1.61958e-22
3.63132e-04 6.37390e-23
4.20501e-04 2.57856e-23
4.86933e-04 1.07933e-23
5.63860e-04 4.62122e-24
6.52941e-04 2.00719e-24
7.56095e-04 8.85040e-25
8.75546e-04 3.93408e-25
1.01387e-03 1.76071e-25
1.17404e-03 8.03527e-26
1.35952e-03 3.65821e-26
1.57431e-03 1.67240e-26
1.82302e-03 7.71475e-27
2.11103e-03 3.57150e-27
2.44454e-03 1.65525e-27
2.83074e-03 7.71492e-28
3.27795e-03 3.52680e-28
3.79581e-03 1.62864e-28
4.39549e-03 7.37928e-29
5.08990e-03 3.37456e-29
5.89402e-03 1.51476e-29
6.82518e-03 6.81678e-30
7.90345e-03 3.03240e-30
9.15207e-03 1.36570e-30
1.05980e-02 6.22814e-31
1.22723e-02 2.88796e-31
1.42111e-02 1.39912e-31
1.64562e-02 7.06674e-32
1.90560e-02 3.86590e-32
2.20666e-02 2.24697e-32
2.55527e-02 1.42561e-32
2.95896e-02 9.87314e-33
3.42643e-02 3.81465e-33
3.96775e-02 5.57838e-34
4.59459e-02 1.12332e-34
5.32047e-02 3.05849e-35
6.16101e-02 1.06903e-35
7.13435e-02 4.86203e-36
8.26147e-02 2.43404e-36
9.56665e-02 1.49014e-36
1.10780e-01 9.00163e-37
1.28282e-01 6.21537e-37
1.48548e-01 4.48605e-37
1.72016e-01 3.41484e-37
1.99192e-01 2.77373e-37
2.30661e-01 1.97242e-37
2.67102e-01 1.73055e-37
3.09300e-01 1.59431e-37
3.58164e-01 1.27871e-37
4.14749e-01 1.19260e-37
4.80272e-01 1.17519e-37
5.56147e-01 1.15926e-37
6.44010e-01 1.15024e-37
7.45753e-01 1.15146e-37
8.63570e-01 1.11276e-37
1.00000e+00 1.17603e-37
