3.00000e-05 inf
3.47395e-05 inf
4.02278e-05 inf
4.65831e-05 3.27287e-19
5.39425e-05 6.62713e-21
6.24646e-05 8.25551e-22
7.23330e-05 1.80753e-22
8.37604e-05 5.58329e-23
9.69932e-05 2.01944e-23
1.12317e-04 8.51038e-24
1.30061e-04 3.83505e-24
1.50608e-04 1.80585e-24
1.74402e-04 9.58192e-25
2.01955e-04 4.94092e-25
2.33860e-04 1.81902e-27
2.70806e-04 2.57582e-28
3.13590e-04 7.87885e-29
3.63132e-04 3.67221e-29
4.20501e-04 2.12169e-29
4.86933e-04 1.39375e-29
5.63860e-04 1.02052e-29
6.52941e-04 7.94494e-30
7.56095e-04 6.41375e-30
8.75546e-04 5.16296e-30
1.01387e-03 4.40049e-30
1.17404e-03 3.70769e-30
1.35952e-03 3.19421e-30
1.57431e-03 2.61764e-30
1.82302e-03 2.19000e-30
2.11103e-03 1.91497e-30
2.44454e-03 1.62926e-30
2.83074e-03 1.41126e-30
3.27795e-03 1.19714e-30
3.79581e-03 1.03109e-30
4.39549e-03 9.11294e-31
5.08990e-03 7.68025e-31
5.89402e-03 6.70777e-31
6.82518e-03 5.70981e-31
7.90345e-03 4.99208e-31
9.15207e-03 4.29281e-31
1.05980e-02 3.68523e-31
1.22723e-02 3.24343e-31
1.42111e-02 2.77488e-31
1.64562e-02 2.51221e-31
1.90560e-02 2.29217e-31
2.20666e-02 2.16510e-31
2.55527e-02 2.12236e-31
2.95896e-02 2.01462e-31
3.42643e-02 1.62038e-31
3.96775e-02 1.02148e-31
4.59459e-02 5.65925e-32
5.32047e-02 3.18758e-32
6.16101e-02 1.70173e-32
7.13435e-02 1.07854e-32
8.26147e-02 7.51846e-33
9.56665e-02 5.50764e-33
1.10780e-01 4.29977e-33
1.28282e-01 3.47884e-33
1.48548e-01 3.03061e-33
1.72016e-01 2.91708e-33
1.99192e-01 2.48503e-33
2.30661e-01 2.50380e-33
2.67102e-01 2.49482e-33
3.09300e-01 2.54455e-33
3.58164e-01 2.62535e-33
4.14749e-01 2.71609e-33
4.80272e-01 2.81944e-33
5.56147e-01 2.89889e-33
6.44010e-01 2.98116e-33
7.45753e-01 3.04814e-33
8.63570e-01 3.09169e-33
1.00000e+00 3.11838e-33
