1.00000e-12 inf
1.09428e-12 inf
1.19745e-12 inf
1.31035e-12 inf
1.43389e-12 inf
1.56908e-12 inf
1.71701e-12 inf
1.87889e-12 inf
2.05604e-12 inf
2.24988e-12 inf
2.46200e-12 inf
2.69413e-12 inf
2.94813e-12 inf
3.22608e-12 inf
3.53024e-12 inf
3.86308e-12 inf
4.22729e-12 inf
4.62585e-12 inf
5.06198e-12 inf
5.53922e-12 inf
6.06147e-12 inf
6.63295e-12 inf
7.25831e-12 inf
7.94263e-12 inf
8.69147e-12 inf
9.51091e-12 inf
1.04076e-11 inf
1.13889e-11 inf
1.24626e-11 inf
1.36376e-11 inf
1.49234e-11 inf
1.63304e-11 inf
1.78700e-11 inf
1.95548e-11 inf
2.13984e-11 inf
2.34159e-11 inf
2.56236e-11 inf
2.80394e-11 inf
3.06830e-11 inf
3.35758e-11 inf
3.67414e-11 inf
4.02054e-11 inf
4.39960e-11 inf
4.81440e-11 inf
5.26831e-11 inf
5.76501e-11 inf
6.30854e-11 inf
6.90332e-11 inf
7.55417e-11 inf
8.26639e-11 inf
9.04575e-11 inf
9.89859e-11 inf
1.08318e-10 inf
1.18531e-10 inf
1.29706e-10 inf
1.41935e-10 inf
1.55317e-10 inf
1.69960e-10 inf
1.85984e-10 inf
2.03519e-10 inf
2.22707e-10 inf
2.43704e-10 inf
2.66680e-10 inf
2.91823e-10 inf
3.19337e-10 inf
3.49444e-10 inf
3.82390e-10 inf
4.18442e-10 inf
4.57894e-10 inf
5.01064e-10 inf
5.48305e-10 inf
6.00000e-10 inf
1.00000e-09 inf
1.07312e-09 inf
1.15159e-09 inf
1.23580e-09 inf
1.32616e-09 inf
1.42313e-09 1.38535e-11
1.52720e-09 1.31922e-11
1.63887e-09 1.27071e-11
1.75871e-09 8.93075e-12
1.88731e-09 5.57412e-12
2.02531e-09 4.08377e-12
2.17341e-09 3.26797e-12
2.33233e-09 2.73482e-12
2.50288e-09 2.32157e-12
2.68589e-09 1.76031e-12
2.88229e-09 1.33973e-12
3.09305e-09 9.37788e-13
3.31922e-09 6.23362e-13
3.56193e-09 4.31946e-13
3.82238e-09 3.24993e-13
4.10188e-09 2.90582e-13
4.40182e-09 2.66652e-13
4.72369e-09 2.31155e-13
5.06910e-09 1.96394e-13
5.43977e-09 1.70182e-13
5.83753e-09 1.35766e-13
6.26439e-09 1.22709e-13
6.72245e-09 1.07419e-13
7.21401e-09 9.43093e-14
7.74152e-09 7.53274e-14
8.30759e-09 6.27687e-14
8.91506e-09 4.57300e-14
9.56695e-09 3.78671e-14
1.02665e-08 3.27806e-14
1.10172e-08 2.89634e-14
1.18228e-08 2.43027e-14
1.26873e-08 2.04739e-14
1.36151e-08 1.78471e-14
1.46106e-08 1.55392e-14
1.56790e-08 1.39132e-14
1.68255e-08 1.69263e-14
1.80558e-08 2.02400e-14
1.93761e-08 2.41144e-14
2.07929e-08 1.16423e-14
2.23133e-08 1.06441e-14
2.39449e-08 1.10535e-14
2.56958e-08 1.13311e-14
2.75747e-08 1.11715e-14
2.95910e-08 1.06431e-14
3.17548e-08 1.01302e-14
3.40768e-08 9.61907e-15
3.65686e-08 9.33160e-15
3.92425e-08 8.78900e-15
4.21120e-08 8.86015e-15
4.51914e-08 8.69129e-15
4.84958e-08 8.70498e-15
5.20420e-08 9.03812e-15
5.58474e-08 9.15742e-15
5.99311e-08 9.55714e-15
6.43134e-08 1.00581e-14
6.90161e-08 1.00984e-14
7.40627e-08 1.07241e-14
7.94783e-08 1.15285e-14
8.52900e-08 1.21043e-14
9.15265e-08 1.24297e-14
9.82192e-08 1.33710e-14
1.05401e-07 inf
1.13108e-07 inf
1.21379e-07 inf
1.30255e-07 inf
1.39779e-07 inf
1.50000e-07 inf
