1.00000e-01 inf
1.21819e-01 inf
1.48398e-01 inf
1.80777e-01 inf
2.20220e-01 1.04745e-37
2.68270e-01 6.09322e-40
3.26803e-01 1.06795e-40
3.98107e-01 3.87775e-41
4.84969e-01 2.00886e-41
5.90784e-01 9.54759e-42
7.19686e-01 4.78782e-42
8.76712e-01 2.15392e-42
1.06800e+00 1.23634e-42
1.30103e+00 7.65872e-43
1.58489e+00 5.17497e-43
1.93070e+00 3.63669e-43
2.35195e+00 2.68657e-43
2.86512e+00 2.06402e-43
3.49025e+00 1.64550e-43
4.25179e+00 1.34921e-43
5.17947e+00 1.13078e-43
6.30957e+00 9.66571e-44
7.68625e+00 8.38857e-44
9.36329e+00 7.37212e-44
1.14062e+01 6.56163e-44
1.38950e+01 5.92713e-44
1.69267e+01 5.44207e-44
2.06199e+01 5.08745e-44
2.51189e+01 4.85205e-44
3.05995e+01 4.73519e-44
3.72759e+01 4.72723e-44
4.54091e+01 4.82771e-44
5.53168e+01 5.05963e-44
6.73863e+01 5.43794e-44
8.20891e+01 5.97764e-44
1.00000e+02 6.70292e-44
