1.00000e-03 inf
1.21819e-03 inf
1.48398e-03 1.88585e-32
1.80777e-03 7.80547e-35
2.20220e-03 6.59741e-36
2.68270e-03 1.68103e-36
3.26803e-03 5.96303e-37
3.98107e-03 2.93776e-37
4.84969e-03 1.86296e-37
5.90784e-03 1.33717e-37
7.19686e-03 1.04035e-37
8.76712e-03 9.16935e-38
1.06800e-02 8.36102e-38
1.30103e-02 8.13801e-38
1.58489e-02 8.25372e-38
1.93070e-02 8.82380e-38
2.35195e-02 9.44739e-38
2.86512e-02 9.93001e-38
3.49025e-02 1.17074e-37
4.25179e-02 1.32816e-37
5.17947e-02 1.58191e-37
6.30957e-02 1.81708e-37
7.68625e-02 2.12047e-37
9.36329e-02 2.52265e-37
1.14062e-01 2.91906e-37
1.38950e-01 3.83715e-37
1.69267e-01 4.20667e-37
2.06199e-01 5.46174e-37
2.51189e-01 6.63398e-37
3.05995e-01 7.98597e-37
3.72759e-01 9.69422e-37
4.54091e-01 1.16358e-36
5.53168e-01 1.39766e-36
6.73863e-01 1.66579e-36
8.20891e-01 2.06718e-36
1.00000e+00 2.52726e-36
