1.00000e-03 inf
1.21819e-03 inf
1.48398e-03 1.96891e-35
1.80777e-03 3.86021e-37
2.20220e-03 8.53313e-38
2.68270e-03 3.38316e-38
3.26803e-03 1.89703e-38
3.98107e-03 1.35910e-38
4.84969e-03 1.12633e-38
5.90784e-03 1.01216e-38
7.19686e-03 9.69699e-39
8.76712e-03 1.01112e-38
1.06800e-02 1.06551e-38
1.30103e-02 1.18162e-38
1.58489e-02 1.34788e-38
1.93070e-02 1.53724e-38
2.35195e-02 1.75595e-38
2.86512e-02 2.05560e-38
3.49025e-02 2.46133e-38
4.25179e-02 2.89010e-38
5.17947e-02 3.49714e-38
6.30957e-02 4.24353e-38
7.68625e-02 4.97854e-38
9.36329e-02 6.12291e-38
1.14062e-01 7.34791e-38
1.38950e-01 8.80091e-38
1.69267e-01 1.07143e-37
2.06199e-01 1.29018e-37
2.51189e-01 1.56701e-37
3.05995e-01 1.90849e-37
3.72759e-01 2.28313e-37
4.54091e-01 2.79359e-37
5.53168e-01 3.37132e-37
6.73863e-01 4.12990e-37
8.20891e-01 4.99060e-37
1.00000e+00 6.15066e-37
