3.00000e-05 inf
3.47395e-05 inf
4.02278e-05 inf
4.65831e-05 inf
5.39425e-05 inf
6.24646e-05 inf
7.23330e-05 9.43858e-14
8.37604e-05 2.81607e-15
9.69932e-05 2.33731e-16
1.12317e-04 3.08235e-17
1.30061e-04 5.50160e-18
1.50608e-04 1.14566e-18
1.74402e-04 2.63306e-19
2.01955e-04 6.23730e-20
2.33860e-04 1.58124e-20
2.70806e-04 4.25955e-21
3.13590e-04 1.17406e-21
3.63132e-04 3.27042e-22
4.20501e-04 9.59318e-23
4.86933e-04 2.75117e-23
5.63860e-04 8.10252e-24
6.52941e-04 2.47310e-24
7.56095e-04 7.50227e-25
8.75546e-04 2.25533e-25
1.01387e-03 7.10613e-26
1.17404e-03 2.22162e-26
1.35952e-03 7.03261e-27
1.57431e-03 2.21751e-27
1.82302e-03 7.03229e-28
2.11103e-03 2.29334e-28
2.44454e-03 7.54300e-29
2.83074e-03 2.51308e-29
3.27795e-03 8.46338e-30
3.79581e-03 2.88349e-30
4.39549e-03 1.00084e-30
5.08990e-03 3.56924e-31
5.89402e-03 1.27365e-31
6.82518e-03 4.70737e-32
7.90345e-03 1.75762e-32
9.15207e-03 6.65237e-33
1.05980e-02 2.58082e-33
1.22723e-02 1.03961e-33
1.42111e-02 4.32443e-34
1.64562e-02 1.88534e-34
1.90560e-02 8.84038e-35
2.20666e-02 4.44492e-35
2.55527e-02 2.39761e-35
2.95896e-02 1.36628e-35
3.42643e-02 4.99512e-36
3.96775e-02 1.13683e-36
4.59459e-02 2.60409e-37
5.32047e-02 7.02319e-38
6.16101e-02 2.29593e-38
7.13435e-02 6.92559e-39
8.26147e-02 2.77362e-39
9.56665e-02 1.30755e-39
1.10780e-01 6.65759e-40
1.28282e-01 3.87550e-40
1.48548e-01 2.44977e-40
1.72016e-01 1.69183e-40
1.99192e-01 1.18067e-40
2.30661e-01 7.66186e-41
2.67102e-01 5.90414e-41
3.09300e-01 4.70425e-41
3.58164e-01 3.86043e-41
4.14749e-01 3.20371e-41
4.80272e-01 2.70162e-41
5.56147e-01 2.28389e-41
6.44010e-01 1.94563e-41
7.45753e-01 1.67086e-41
8.63570e-01 1.41101e-41
1.00000e+00 1.30354e-41
