1.00000e-02 inf
1.21819e-02 inf
1.48398e-02 inf
1.80777e-02 inf
2.20220e-02 9.80011e-29
2.68270e-02 9.87684e-31
3.26803e-02 5.11748e-32
3.98107e-02 2.23605e-33
4.84969e-02 2.02319e-34
5.90784e-02 3.97214e-35
7.19686e-02 1.32942e-35
8.76712e-02 4.82020e-36
1.06800e-01 1.40026e-36
1.30103e-01 6.19831e-37
1.58489e-01 3.53779e-37
1.93070e-01 2.52623e-37
2.35195e-01 1.97573e-37
2.86512e-01 1.72417e-37
3.49025e-01 1.24708e-37
4.25179e-01 4.34825e-38
5.17947e-01 3.56170e-38
6.30957e-01 2.15975e-38
7.68625e-01 1.55629e-38
9.36329e-01 9.90206e-39
1.14062e+00 9.43841e-39
1.38950e+00 8.85213e-39
1.69267e+00 6.44818e-39
2.06199e+00 5.65746e-39
2.51189e+00 5.46791e-39
3.05995e+00 5.46634e-39
3.72759e+00 6.22423e-39
4.54091e+00 6.89989e-39
5.53168e+00 7.77453e-39
6.73863e+00 9.42251e-39
8.20891e+00 1.15755e-38
1.00000e+01 1.43381e-38
