3.00000e-05 inf
3.47395e-05 inf
4.02278e-05 inf
4.65831e-05 3.08781e-19
5.39425e-05 6.14300e-21
6.24646e-05 7.59009e-22
7.23330e-05 1.69866e-22
8.37604e-05 5.34502e-23
9.69932e-05 1.92420e-23
1.12317e-04 7.93727e-24
1.30061e-04 3.63985e-24
1.50608e-04 1.79891e-24
1.74402e-04 8.63466e-25
2.01955e-04 4.56872e-25
2.33860e-04 1.77890e-27
2.70806e-04 2.46614e-28
3.13590e-04 7.63301e-29
3.63132e-04 3.53396e-29
4.20501e-04 1.99864e-29
4.86933e-04 1.36301e-29
5.63860e-04 1.00342e-29
6.52941e-04 7.48947e-30
7.56095e-04 6.03002e-30
8.75546e-04 4.89890e-30
1.01387e-03 4.08565e-30
1.17404e-03 3.52082e-30
1.35952e-03 3.03202e-30
1.57431e-03 2.49888e-30
1.82302e-03 2.10251e-30
2.11103e-03 1.83335e-30
2.44454e-03 1.55760e-30
2.83074e-03 1.34748e-30
3.27795e-03 1.12918e-30
3.79581e-03 1.01081e-30
4.39549e-03 8.63608e-31
5.08990e-03 7.29558e-31
5.89402e-03 6.26124e-31
6.82518e-03 5.45393e-31
7.90345e-03 4.64740e-31
9.15207e-03 4.08646e-31
1.05980e-02 3.48420e-31
1.22723e-02 3.03736e-31
1.42111e-02 2.66386e-31
1.64562e-02 2.41677e-31
1.90560e-02 2.20643e-31
2.20666e-02 2.05781e-31
2.55527e-02 2.04121e-31
2.95896e-02 1.93859e-31
3.42643e-02 1.55040e-31
3.96775e-02 8.34830e-32
4.59459e-02 4.35797e-32
5.32047e-02 2.30374e-32
6.16101e-02 1.14614e-32
7.13435e-02 6.96044e-33
8.26147e-02 4.48344e-33
9.56665e-02 3.18433e-33
1.10780e-01 2.34343e-33
1.28282e-01 1.90103e-33
1.48548e-01 1.61896e-33
1.72016e-01 1.51844e-33
1.99192e-01 1.29334e-33
2.30661e-01 1.27549e-33
2.67102e-01 1.26904e-33
3.09300e-01 1.28808e-33
3.58164e-01 1.32231e-33
4.14749e-01 1.37652e-33
4.80272e-01 1.41609e-33
5.56147e-01 1.45739e-33
6.44010e-01 1.49525e-33
7.45753e-01 1.52628e-33
8.63570e-01 1.55116e-33
1.00000e+00 1.56244e-33
