1.00000e-03 inf
1.21819e-03 inf
1.48398e-03 7.87911e-35
1.80777e-03 1.96898e-36
2.20220e-03 3.06349e-37
2.68270e-03 1.20997e-37
3.26803e-03 6.55431e-38
3.98107e-03 4.43960e-38
4.84969e-03 3.51059e-38
5.90784e-03 3.07681e-38
7.19686e-03 2.89592e-38
8.76712e-03 2.97369e-38
1.06800e-02 3.08139e-38
1.30103e-02 3.33145e-38
1.58489e-02 3.69730e-38
1.93070e-02 4.24023e-38
2.35195e-02 4.86409e-38
2.86512e-02 5.69813e-38
3.49025e-02 6.56482e-38
4.25179e-02 7.82438e-38
5.17947e-02 9.23493e-38
6.30957e-02 1.12511e-37
7.68625e-02 1.35901e-37
9.36329e-02 1.62837e-37
1.14062e-01 1.92401e-37
1.38950e-01 2.38098e-37
1.69267e-01 2.87742e-37
2.06199e-01 3.51883e-37
2.51189e-01 4.14246e-37
3.05995e-01 4.99790e-37
3.72759e-01 6.18774e-37
4.54091e-01 7.44260e-37
5.53168e-01 9.05385e-37
6.73863e-01 1.10501e-36
8.20891e-01 1.34147e-36
1.00000e+00 1.65931e-36
