1.00000e-02 5.07966e-25
1.22168e-02 1.97146e-26
1.49250e-02 8.74294e-28
1.82335e-02 4.94301e-29
2.22754e-02 3.13327e-30
2.72134e-02 1.85029e-31
3.32460e-02 1.36843e-32
4.06159e-02 5.07803e-34
4.96195e-02 3.76818e-35
6.06190e-02 5.60888e-36
7.40568e-02 1.40374e-36
9.04736e-02 4.67735e-37
1.10530e-01 1.11619e-37
1.35031e-01 3.42201e-38
1.64965e-01 1.37550e-38
2.01534e-01 6.96686e-39
2.46209e-01 3.89664e-39
3.00788e-01 2.58927e-39
3.67466e-01 1.70117e-39
4.48925e-01 1.01924e-39
5.48442e-01 6.14057e-40
6.70019e-01 3.41596e-40
8.18547e-01 2.06560e-40
1.00000e+00 1.26185e-40
