# DM Mass [GeV] Xsec [cm^2]
4.796e-05 1.473e-20
4.945e-05 8.321e-21
5.099e-05 4.701e-21
5.258e-05 2.656e-21
5.422e-05 1.500e-21
5.591e-05 8.476e-22
5.766e-05 4.788e-22
5.945e-05 3.153e-22
6.131e-05 2.285e-22
6.322e-05 1.655e-22
6.519e-05 1.199e-22
6.722e-05 8.690e-23
6.931e-05 6.296e-23
7.148e-05 4.662e-23
7.370e-05 3.709e-23
7.600e-05 2.950e-23
7.837e-05 2.347e-23
8.081e-05 1.867e-23
8.333e-05 1.485e-23
8.593e-05 1.182e-23
8.861e-05 2.156e-24
9.137e-05 3.020e-25
9.422e-05 4.232e-26
9.716e-05 5.930e-27
1.002e-04 8.309e-28
1.033e-04 1.164e-28
1.065e-04 3.401e-29
1.098e-04 2.322e-29
1.133e-04 1.585e-29
1.168e-04 1.082e-29
1.204e-04 7.390e-30
1.242e-04 5.045e-30
1.281e-04 3.502e-30
1.321e-04 2.938e-30
1.362e-04 2.465e-30
1.404e-04 2.068e-30
1.448e-04 1.735e-30
1.493e-04 1.455e-30
1.540e-04 1.221e-30
1.588e-04 1.087e-30
1.637e-04 9.935e-31
1.688e-04 9.079e-31
1.741e-04 8.298e-31
1.795e-04 7.583e-31
1.851e-04 6.931e-31
1.909e-04 6.453e-31
1.968e-04 6.262e-31
2.030e-04 6.076e-31
2.093e-04 5.895e-31
2.158e-04 5.720e-31
2.225e-04 5.550e-31
2.295e-04 5.385e-31
2.366e-04 5.336e-31
2.440e-04 5.297e-31
2.516e-04 5.257e-31
2.595e-04 5.218e-31
2.675e-04 5.179e-31
2.759e-04 5.141e-31
2.845e-04 5.145e-31
2.934e-04 5.186e-31
3.025e-04 5.226e-31
3.119e-04 5.267e-31
3.217e-04 5.308e-31
3.317e-04 5.350e-31
3.420e-04 5.397e-31
3.527e-04 5.471e-31
3.637e-04 5.547e-31
3.750e-04 5.624e-31
3.867e-04 5.701e-31
3.988e-04 5.780e-31
4.112e-04 5.860e-31
4.240e-04 5.948e-31
4.372e-04 6.039e-31
4.508e-04 6.132e-31
4.649e-04 6.226e-31
4.794e-04 6.321e-31
4.943e-04 6.418e-31
5.097e-04 6.520e-31
5.256e-04 6.627e-31
5.420e-04 6.736e-31
5.589e-04 6.847e-31
5.763e-04 6.960e-31
5.943e-04 7.075e-31
6.128e-04 7.191e-31
6.319e-04 7.169e-31
6.516e-04 7.147e-31
6.719e-04 7.125e-31
6.929e-04 7.104e-31
7.145e-04 7.082e-31
7.368e-04 7.061e-31
7.597e-04 6.973e-31
7.834e-04 6.847e-31
8.078e-04 6.724e-31
8.330e-04 6.602e-31
8.590e-04 6.483e-31
8.858e-04 6.366e-31
9.134e-04 6.225e-31
9.418e-04 6.008e-31
9.712e-04 5.799e-31
1.001e-03 5.004e-31
1.033e-03 4.828e-31
1.065e-03 4.659e-31
1.098e-03 4.495e-31
1.132e-03 4.337e-31
1.168e-03 4.185e-31
1.204e-03 4.038e-31
1.242e-03 3.900e-31
1.280e-03 3.770e-31
1.320e-03 3.644e-31
1.361e-03 3.523e-31
1.404e-03 3.405e-31
1.447e-03 3.291e-31
1.493e-03 3.184e-31
1.539e-03 3.090e-31
1.587e-03 2.999e-31
1.637e-03 2.910e-31
1.688e-03 2.825e-31
1.740e-03 2.741e-31
1.794e-03 2.661e-31
1.850e-03 2.577e-31
1.908e-03 2.494e-31
1.968e-03 2.414e-31
2.029e-03 2.337e-31
2.092e-03 2.262e-31
2.157e-03 2.189e-31
2.225e-03 2.121e-31
2.294e-03 2.058e-31
2.365e-03 1.997e-31
2.439e-03 1.937e-31
2.515e-03 1.880e-31
2.594e-03 1.824e-31
2.674e-03 1.770e-31
2.758e-03 1.717e-31
2.844e-03 1.666e-31
2.932e-03 1.616e-31
3.024e-03 1.568e-31
3.118e-03 1.521e-31
3.215e-03 1.476e-31
3.316e-03 1.433e-31
3.419e-03 1.392e-31
3.525e-03 1.352e-31
3.635e-03 1.314e-31
3.749e-03 1.276e-31
3.866e-03 1.240e-31
3.986e-03 1.205e-31
4.110e-03 1.172e-31
4.238e-03 1.141e-31
4.371e-03 1.110e-31
4.507e-03 1.080e-31
4.647e-03 1.051e-31
4.792e-03 1.023e-31
4.942e-03 9.966e-32
5.096e-03 9.719e-32
5.254e-03 9.478e-32
5.418e-03 9.242e-32
5.587e-03 9.013e-32
5.761e-03 8.789e-32
5.941e-03 8.573e-32
6.126e-03 8.376e-32
6.317e-03 8.183e-32
6.514e-03 7.995e-32
6.717e-03 7.811e-32
6.926e-03 7.631e-32
7.142e-03 7.456e-32
7.365e-03 7.290e-32
7.594e-03 7.129e-32
7.831e-03 6.972e-32
8.075e-03 6.818e-32
8.327e-03 6.668e-32
8.587e-03 6.521e-32
8.854e-03 6.391e-32
9.130e-03 6.292e-32
9.415e-03 6.195e-32
9.708e-03 6.100e-32
1.001e-02 6.005e-32
1.032e-02 5.913e-32
1.064e-02 5.822e-32
1.098e-02 5.756e-32
1.132e-02 5.693e-32
1.167e-02 5.631e-32
1.204e-02 5.570e-32
1.241e-02 5.510e-32
1.280e-02 5.450e-32
1.320e-02 5.411e-32
1.361e-02 5.397e-32
1.403e-02 5.383e-32
1.447e-02 5.368e-32
1.492e-02 5.354e-32
1.539e-02 5.340e-32
1.587e-02 5.328e-32
1.636e-02 5.379e-32
1.687e-02 5.430e-32
1.740e-02 5.482e-32
1.794e-02 5.534e-32
1.850e-02 5.587e-32
1.907e-02 5.640e-32
1.967e-02 5.726e-32
2.028e-02 5.835e-32
2.091e-02 5.946e-32
2.157e-02 6.060e-32
2.224e-02 6.175e-32
2.293e-02 6.293e-32
2.365e-02 6.427e-32
2.438e-02 6.632e-32
2.514e-02 6.843e-32
2.593e-02 7.062e-32
2.673e-02 7.287e-32
2.757e-02 7.520e-32
2.843e-02 7.760e-32
2.931e-02 7.325e-32
3.023e-02 6.707e-32
3.117e-02 5.962e-32
3.214e-02 5.149e-32
3.314e-02 4.094e-32
3.418e-02 2.516e-32
3.524e-02 1.546e-32
3.634e-02 9.501e-33
3.747e-02 5.839e-33
3.864e-02 3.588e-33
3.985e-02 2.212e-33
4.109e-02 1.522e-33
4.237e-02 1.048e-33
4.369e-02 7.210e-34
4.505e-02 4.962e-34
4.646e-02 3.415e-34
4.790e-02 2.350e-34
4.940e-02 1.738e-34
5.094e-02 1.350e-34
5.252e-02 1.048e-34
5.416e-02 8.133e-35
5.585e-02 6.314e-35
5.759e-02 4.902e-35
5.939e-02 3.859e-35
6.124e-02 3.255e-35
6.315e-02 2.745e-35
6.512e-02 2.316e-35
6.715e-02 1.953e-35
6.924e-02 1.647e-35
7.140e-02 1.390e-35
7.362e-02 1.183e-35
7.592e-02 1.010e-35
7.828e-02 8.628e-36
8.072e-02 7.368e-36
8.324e-02 6.293e-36
8.583e-02 5.374e-36
8.851e-02 4.541e-36
9.127e-02 3.747e-36
9.411e-02 3.091e-36
9.705e-02 2.551e-36
1.001e-01 2.105e-36
1.032e-01 1.736e-36
1.064e-01 1.433e-36
1.097e-01 1.252e-36
1.131e-01 1.103e-36
1.167e-01 9.719e-37
1.203e-01 8.562e-37
1.241e-01 7.543e-37
1.279e-01 6.645e-37
1.319e-01 5.959e-37
1.360e-01 5.461e-37
1.403e-01 5.005e-37
1.446e-01 4.587e-37
1.492e-01 4.204e-37
1.538e-01 3.853e-37
1.586e-01 3.534e-37
1.635e-01 3.353e-37
1.686e-01 3.182e-37
1.739e-01 3.020e-37
1.793e-01 2.866e-37
1.849e-01 2.720e-37
1.907e-01 2.581e-37
1.966e-01 2.470e-37
2.027e-01 2.377e-37
2.091e-01 2.288e-37
2.156e-01 2.202e-37
2.223e-01 2.120e-37
2.292e-01 2.040e-37
2.364e-01 1.969e-37
2.437e-01 1.928e-37
2.513e-01 1.887e-37
2.592e-01 1.848e-37
2.673e-01 1.809e-37
2.756e-01 1.771e-37
2.842e-01 1.734e-37
2.930e-01 1.662e-37
3.022e-01 1.580e-37
3.116e-01 1.502e-37
3.213e-01 1.429e-37
3.313e-01 1.358e-37
3.416e-01 1.292e-37
3.523e-01 1.187e-37
3.633e-01 1.007e-37
3.746e-01 8.550e-38
3.863e-01 7.258e-38
3.983e-01 6.161e-38
4.107e-01 5.230e-38
4.235e-01 4.439e-38
4.367e-01 4.232e-38
4.503e-01 4.103e-38
4.644e-01 3.977e-38
4.789e-01 3.856e-38
4.938e-01 3.738e-38
5.092e-01 3.624e-38
5.251e-01 3.441e-38
5.414e-01 3.183e-38
5.583e-01 2.945e-38
5.757e-01 2.724e-38
5.936e-01 2.521e-38
6.122e-01 2.332e-38
6.312e-01 2.158e-38
6.509e-01 2.051e-38
6.712e-01 1.949e-38
6.921e-01 1.852e-38
7.137e-01 1.760e-38
7.359e-01 1.673e-38
7.589e-01 1.590e-38
7.825e-01 1.494e-38
8.069e-01 1.392e-38
8.321e-01 1.298e-38
8.580e-01 1.210e-38
8.848e-01 1.127e-38
9.124e-01 1.051e-38
9.408e-01 9.891e-39
9.701e-01 9.817e-39
1.000e+00 9.744e-39
1.032e+00 9.672e-39
1.064e+00 9.600e-39
1.097e+00 9.529e-39
1.131e+00 9.458e-39
1.166e+00 9.370e-39
1.203e+00 9.277e-39
1.240e+00 9.185e-39
1.279e+00 9.094e-39
1.319e+00 9.004e-39
1.360e+00 8.915e-39
1.402e+00 8.724e-39
1.446e+00 8.304e-39
1.491e+00 7.905e-39
1.537e+00 7.525e-39
1.585e+00 7.163e-39
1.635e+00 6.819e-39
1.686e+00 6.491e-39
1.738e+00 6.336e-39
1.792e+00 6.208e-39
1.848e+00 6.083e-39
1.906e+00 5.960e-39
1.965e+00 5.840e-39
2.027e+00 5.723e-39
2.090e+00 5.644e-39
2.155e+00 5.615e-39
2.222e+00 5.585e-39
2.291e+00 5.555e-39
2.363e+00 5.526e-39
2.436e+00 5.497e-39
2.512e+00 5.468e-39
2.591e+00 5.468e-39
2.672e+00 5.467e-39
2.755e+00 5.467e-39
2.841e+00 5.467e-39
2.929e+00 5.467e-39
3.021e+00 5.466e-39
3.115e+00 5.530e-39
3.212e+00 5.643e-39
3.312e+00 5.758e-39
3.415e+00 5.876e-39
3.522e+00 5.996e-39
3.631e+00 6.118e-39
3.745e+00 6.239e-39
3.861e+00 6.340e-39
3.982e+00 6.442e-39
4.106e+00 6.546e-39
4.234e+00 6.652e-39
4.366e+00 6.760e-39
4.502e+00 6.869e-39
4.642e+00 6.993e-39
4.787e+00 7.124e-39
4.936e+00 7.257e-39
5.090e+00 7.393e-39
5.249e+00 7.531e-39
5.412e+00 7.673e-39
5.581e+00 7.842e-39
5.755e+00 8.080e-39
5.934e+00 8.325e-39
6.119e+00 8.578e-39
6.310e+00 8.838e-39
6.507e+00 9.107e-39
6.710e+00 9.383e-39
6.919e+00 9.685e-39
7.134e+00 1.000e-38
7.357e+00 1.033e-38
7.586e+00 1.066e-38
7.823e+00 1.101e-38
8.066e+00 1.137e-38
8.318e+00 1.174e-38
8.577e+00 1.214e-38
8.845e+00 1.255e-38
9.120e+00 1.298e-38
9.405e+00 1.341e-38
9.698e+00 1.387e-38
1.000e+01 1.434e-38
