# DM Mass [GeV] Xsec [cm^2]
4.658e-05 6.933e-19
5.361e-05 4.438e-20
6.170e-05 2.727e-21
7.100e-05 5.380e-22
8.171e-05 1.550e-22
9.403e-05 5.515e-23
1.082e-04 2.248e-23
1.245e-04 1.007e-23
1.433e-04 4.851e-24
1.649e-04 2.469e-24
1.898e-04 1.314e-24
2.184e-04 4.900e-25
2.514e-04 3.771e-26
2.893e-04 5.783e-27
3.330e-04 1.960e-27
3.832e-04 9.589e-28
4.410e-04 5.738e-28
5.075e-04 3.894e-28
5.840e-04 2.861e-28
6.721e-04 2.222e-28
7.735e-04 1.781e-28
8.901e-04 1.454e-28
1.024e-03 1.202e-28
1.179e-03 9.978e-29
1.357e-03 8.315e-29
1.561e-03 6.938e-29
1.797e-03 5.729e-29
2.068e-03 4.708e-29
2.380e-03 3.827e-29
2.739e-03 3.076e-29
3.152e-03 2.441e-29
3.627e-03 1.893e-29
4.174e-03 1.439e-29
4.804e-03 1.074e-29
5.528e-03 7.858e-30
6.362e-03 5.675e-30
7.322e-03 4.063e-30
8.426e-03 2.897e-30
9.697e-03 2.078e-30
1.116e-02 1.501e-30
1.284e-02 1.104e-30
1.478e-02 8.338e-31
1.701e-02 6.509e-31
1.957e-02 5.255e-31
2.253e-02 4.432e-31
2.592e-02 3.954e-31
2.984e-02 3.599e-31
3.434e-02 9.093e-32
3.951e-02 1.169e-32
4.547e-02 2.000e-33
5.233e-02 4.691e-34
6.023e-02 1.554e-34
6.931e-02 6.817e-35
7.976e-02 3.441e-35
9.179e-02 1.487e-35
1.056e-01 6.211e-36
1.216e-01 3.237e-36
1.399e-01 1.993e-36
1.610e-01 1.402e-36
1.853e-01 1.060e-36
2.132e-01 8.589e-37
2.454e-01 7.337e-37
2.824e-01 6.457e-37
3.250e-01 4.886e-37
3.740e-01 2.746e-37
4.305e-01 1.775e-37
4.954e-01 1.238e-37
5.701e-01 9.126e-38
6.561e-01 6.686e-38
7.551e-01 4.910e-38
8.689e-01 3.982e-38
1.000e+00 3.121e-38
