1.00000e-01 inf
1.14137e-01 inf
1.30272e-01 inf
1.48688e-01 inf
1.69707e-01 inf
1.93698e-01 inf
2.21080e-01 inf
2.52333e-01 inf
2.88004e-01 inf
3.28718e-01 1.80844e-36
3.75188e-01 3.18903e-37
4.28227e-01 7.25910e-38
4.88763e-01 3.59255e-38
5.57858e-01 1.79518e-38
6.36720e-01 1.17872e-38
7.26731e-01 7.90238e-39
8.29465e-01 5.77295e-39
9.46724e-01 3.86079e-39
1.08056e+00 2.45787e-39
1.23331e+00 1.60701e-39
1.40766e+00 1.00112e-39
1.60666e+00 5.96820e-40
1.83378e+00 3.52776e-40
2.09302e+00 2.06497e-40
2.38890e+00 1.24865e-40
2.72661e+00 7.59310e-41
3.11205e+00 4.95628e-41
3.55199e+00 3.50071e-41
4.05412e+00 2.72101e-41
4.62724e+00 2.28185e-41
5.28137e+00 2.06518e-41
6.02798e+00 1.96820e-41
6.88013e+00 1.96812e-41
7.85274e+00 2.04902e-41
8.96286e+00 2.17256e-41
1.02299e+01 2.35009e-41
1.16761e+01 2.58966e-41
1.33267e+01 2.87476e-41
1.52106e+01 3.22472e-41
1.73608e+01 3.63934e-41
1.98151e+01 4.11281e-41
2.26163e+01 4.64513e-41
2.58134e+01 5.31891e-41
2.94626e+01 6.10254e-41
3.36276e+01 7.06330e-41
3.83813e+01 8.05029e-41
4.38072e+01 9.14941e-41
5.00000e+01 1.04845e-40
