1.00000e-03 inf
1.21819e-03 inf
1.48398e-03 1.21352e-34
1.80777e-03 1.02061e-36
2.20220e-03 1.74188e-37
2.68270e-03 5.74327e-38
3.26803e-03 2.91599e-38
3.98107e-03 1.87257e-38
4.84969e-03 1.41678e-38
5.90784e-03 1.22460e-38
7.19686e-03 1.11656e-38
8.76712e-03 1.05375e-38
1.06800e-02 1.05440e-38
1.30103e-02 1.14003e-38
1.58489e-02 1.24456e-38
1.93070e-02 1.44257e-38
2.35195e-02 1.56633e-38
2.86512e-02 1.84588e-38
3.49025e-02 2.18292e-38
4.25179e-02 2.43438e-38
5.17947e-02 2.96996e-38
6.30957e-02 3.52608e-38
7.68625e-02 4.17077e-38
9.36329e-02 4.86331e-38
1.14062e-01 5.79710e-38
1.38950e-01 7.09558e-38
1.69267e-01 8.78827e-38
2.06199e-01 1.07632e-37
2.51189e-01 1.25692e-37
3.05995e-01 1.56832e-37
3.72759e-01 1.85292e-37
4.54091e-01 2.31073e-37
5.53168e-01 2.78130e-37
6.73863e-01 3.43584e-37
8.20891e-01 4.12407e-37
1.00000e+00 4.92012e-37
