1.00000e-06 inf
1.25485e-06 inf
1.57465e-06 inf
1.97594e-06 inf
2.47951e-06 inf
3.11141e-06 inf
3.90435e-06 inf
4.89938e-06 inf
6.14798e-06 inf
7.71479e-06 inf
9.68089e-06 inf
1.21481e-05 inf
1.52440e-05 1.15870e-26
1.91289e-05 4.29835e-30
2.40039e-05 3.40174e-31
3.01213e-05 7.05997e-32
3.77976e-05 3.46804e-32
4.74304e-05 2.31010e-32
5.95179e-05 6.21157e-33
7.46860e-05 3.28479e-33
9.37197e-05 2.41720e-33
1.17604e-04 2.15930e-33
1.47575e-04 2.22559e-33
1.85185e-04 2.54163e-33
2.32379e-04 3.05513e-33
2.91601e-04 3.81427e-33
3.65915e-04 4.90442e-33
4.59168e-04 6.36834e-33
5.76187e-04 8.36605e-33
7.23028e-04 1.10927e-32
9.07291e-04 1.46638e-32
1.13851e-03 1.86830e-32
1.42866e-03 2.42625e-32
1.79276e-03 3.08585e-32
2.24964e-03 3.88635e-32
2.82296e-03 4.88531e-32
3.54239e-03 6.18230e-32
4.44516e-03 7.65595e-32
5.57800e-03 9.48082e-32
6.99955e-03 1.14616e-31
8.78339e-03 1.41720e-31
1.10218e-02 1.71666e-31
1.38307e-02 2.04736e-31
1.73555e-02 2.47614e-31
2.17785e-02 3.00151e-31
2.73287e-02 3.60283e-31
3.42935e-02 4.36542e-31
4.30331e-02 5.36554e-31
5.40001e-02 2.92703e-31
6.77620e-02 9.96638e-32
8.50310e-02 4.28491e-32
1.06701e-01 2.30739e-32
1.33894e-01 1.52085e-32
1.68017e-01 1.15702e-32
2.10835e-01 9.52038e-33
2.64567e-01 7.83198e-33
3.31991e-01 7.10112e-33
4.16599e-01 4.38504e-33
5.22769e-01 3.59181e-33
6.55996e-01 3.09155e-33
8.23176e-01 2.57008e-33
1.03296e+00 2.39074e-33
1.29621e+00 1.91721e-33
1.62655e+00 1.35706e-33
2.04108e+00 8.98560e-34
2.56124e+00 5.98069e-34
3.21397e+00 4.12566e-34
4.03305e+00 2.20466e-34
5.06087e+00 1.34731e-34
6.35063e+00 8.32095e-35
7.96908e+00 3.11413e-35
1.00000e+01 8.61727e-36
