1.00000e-01 inf
1.21819e-01 inf
1.48398e-01 8.24870e-38
1.80777e-01 1.14842e-38
2.20220e-01 1.38574e-39
2.68270e-01 3.51358e-40
3.26803e-01 1.10904e-40
3.98107e-01 4.69039e-41
4.84969e-01 2.30797e-41
5.90784e-01 1.15214e-41
7.19686e-01 5.48599e-42
8.76712e-01 2.53849e-42
1.06800e+00 1.21056e-42
1.30103e+00 7.32071e-43
1.58489e+00 4.86180e-43
1.93070e+00 3.44471e-43
2.35195e+00 2.56777e-43
2.86512e+00 1.99435e-43
3.49025e+00 1.60062e-43
4.25179e+00 1.32168e-43
5.17947e+00 1.11586e-43
6.30957e+00 9.55945e-44
7.68625e+00 8.31743e-44
9.36329e+00 7.32737e-44
1.14062e+01 6.53617e-44
1.38950e+01 5.91166e-44
1.69267e+01 5.43377e-44
2.06199e+01 5.08133e-44
2.51189e+01 4.84588e-44
3.05995e+01 4.73224e-44
3.72759e+01 4.72335e-44
4.54091e+01 4.82594e-44
5.53168e+01 5.05872e-44
6.73863e+01 5.43512e-44
8.20891e+01 5.97633e-44
1.00000e+02 6.70150e-44
