1.00000e-03 inf
1.21819e-03 inf
1.48398e-03 9.05712e-32
1.80777e-03 1.34781e-33
2.20220e-03 2.00142e-34
2.68270e-03 6.55108e-35
3.26803e-03 3.11051e-35
3.98107e-03 1.93907e-35
4.84969e-03 1.43580e-35
5.90784e-03 1.16232e-35
7.19686e-03 1.04134e-35
8.76712e-03 9.93927e-36
1.06800e-02 9.99211e-36
1.30103e-02 1.05081e-35
1.58489e-02 1.11584e-35
1.93070e-02 1.24813e-35
2.35195e-02 1.39329e-35
2.86512e-02 1.60871e-35
3.49025e-02 1.89024e-35
4.25179e-02 2.16358e-35
5.17947e-02 2.57786e-35
6.30957e-02 3.03340e-35
7.68625e-02 3.66661e-35
9.36329e-02 4.35223e-35
1.14062e-01 5.15438e-35
1.38950e-01 6.21274e-35
1.69267e-01 7.50533e-35
2.06199e-01 9.07698e-35
2.51189e-01 1.10970e-34
3.05995e-01 1.33735e-34
3.72759e-01 1.63848e-34
4.54091e-01 1.95062e-34
5.53168e-01 2.35654e-34
6.73863e-01 2.89869e-34
8.20891e-01 3.49893e-34
1.00000e+00 4.26659e-34
