1.00000e-03 inf
1.21819e-03 inf
1.48398e-03 inf
1.80777e-03 inf
2.20220e-03 inf
2.68270e-03 inf
3.26803e-03 inf
3.98107e-03 inf
4.84969e-03 inf
5.90784e-03 inf
7.19686e-03 inf
8.76712e-03 inf
1.06800e-02 inf
1.30103e-02 inf
1.58489e-02 inf
1.93070e-02 inf
2.35195e-02 inf
2.86512e-02 inf
3.49025e-02 1.44207e-28
4.25179e-02 3.40326e-30
5.17947e-02 4.93674e-31
6.30957e-02 1.26804e-31
7.68625e-02 5.08380e-32
9.36329e-02 2.63122e-32
1.14062e-01 1.51022e-32
1.38950e-01 1.15250e-32
1.69267e-01 9.89894e-33
2.06199e-01 9.39507e-33
2.51189e-01 9.35169e-33
3.05995e-01 9.53626e-33
3.72759e-01 9.94819e-33
4.54091e-01 1.03989e-32
5.53168e-01 1.08288e-32
6.73863e-01 1.12166e-32
8.20891e-01 1.14851e-32
1.00000e+00 1.16094e-32
