3.00000e-05 inf
3.49408e-05 inf
4.06954e-05 inf
4.73977e-05 inf
5.52039e-05 inf
6.42957e-05 inf
7.48849e-05 6.05727e-12
8.72180e-05 2.41908e-13
1.01582e-04 2.09413e-14
1.18312e-04 2.80592e-15
1.37798e-04 5.08317e-16
1.60492e-04 1.02269e-16
1.86925e-04 2.23692e-17
2.17710e-04 5.25358e-18
2.53566e-04 1.32627e-18
2.95327e-04 3.34781e-19
3.43966e-04 8.78566e-20
4.00615e-04 2.35725e-20
4.66594e-04 6.50104e-21
5.43440e-04 1.77867e-21
6.32942e-04 4.98305e-22
7.37184e-04 1.40461e-22
8.58594e-04 3.94727e-23
1.00000e-03 1.10467e-23
1.21648e-03 2.15015e-24
1.47983e-03 4.17113e-25
1.80019e-03 8.12095e-26
2.18991e-03 1.62591e-26
2.66399e-03 3.35119e-27
3.24070e-03 7.20642e-28
3.94225e-03 1.63065e-28
4.79569e-03 3.83018e-29
5.83388e-03 9.37050e-30
7.09682e-03 2.36524e-30
8.63317e-03 6.17839e-31
1.05021e-02 1.63674e-31
1.27756e-02 4.59611e-32
1.55414e-02 1.37232e-32
1.89058e-02 4.52395e-33
2.29986e-02 1.66940e-33
2.79775e-02 6.97944e-34
3.40341e-02 2.14801e-34
4.14020e-02 3.30328e-35
5.03649e-02 5.71326e-36
6.12680e-02 1.23992e-36
7.45316e-02 2.60220e-37
9.06665e-02 9.62673e-38
1.10294e-01 4.03091e-38
1.34171e-01 1.91936e-38
1.63217e-01 1.06801e-38
1.98551e-01 6.37941e-39
2.41534e-01 4.09568e-39
2.93823e-01 3.04727e-39
3.57430e-01 2.31544e-39
4.34808e-01 1.80149e-39
5.28937e-01 1.43603e-39
6.43444e-01 1.16512e-39
7.82739e-01 9.51938e-40
9.52190e-01 7.86266e-40
1.15832e+00 6.53668e-40
1.40908e+00 5.47093e-40
1.71413e+00 4.63551e-40
2.08521e+00 4.03614e-40
2.53662e+00 3.68448e-40
3.08576e+00 3.56453e-40
3.75377e+00 3.64879e-40
4.56641e+00 3.92071e-40
5.55496e+00 4.35201e-40
6.75752e+00 4.97033e-40
8.22041e+00 5.82391e-40
1.00000e+01 6.90001e-40
