2.00000e-11 inf
2.09814e-11 inf
2.20110e-11 inf
2.30910e-11 inf
2.42241e-11 inf
2.54128e-11 inf
2.66598e-11 inf
2.79680e-11 inf
2.93404e-11 inf
3.07801e-11 inf
3.22905e-11 inf
3.38750e-11 inf
3.55373e-11 inf
3.72811e-11 inf
3.91105e-11 inf
4.10297e-11 inf
4.30430e-11 6.33245e-08
4.51551e-11 2.50487e-08
4.73709e-11 5.69375e-09
4.96954e-11 1.08353e-08
5.21339e-11 1.01666e-08
5.46922e-11 5.49675e-09
5.73759e-11 2.93102e-09
6.01913e-11 5.98636e-10
6.31449e-11 3.68332e-09
6.62435e-11 4.36840e-09
6.94941e-11 3.56219e-09
7.29041e-11 2.69343e-09
7.64816e-11 1.44227e-09
8.02345e-11 1.87286e-09
8.41716e-11 1.61301e-09
8.83019e-11 1.23611e-09
9.26349e-11 9.28892e-10
9.71805e-11 6.66649e-10
1.01949e-10 4.32453e-10
1.06952e-10 2.16755e-10
1.12200e-10 3.78481e-11
1.17706e-10 1.88506e-10
1.23482e-10 3.56134e-10
1.29541e-10 5.04193e-10
1.35897e-10 6.33908e-10
1.42566e-10 7.46829e-10
1.49562e-10 8.44437e-10
1.56901e-10 9.27996e-10
1.64600e-10 9.98604e-10
1.72677e-10 1.05723e-09
1.81150e-10 1.10473e-09
1.90039e-10 1.14188e-09
1.99364e-10 1.16942e-09
2.09147e-10 inf
2.19410e-10 inf
2.30176e-10 inf
2.41471e-10 inf
2.53320e-10 inf
2.65751e-10 inf
2.78791e-10 inf
2.92471e-10 inf
3.06823e-10 inf
3.21879e-10 inf
3.37673e-10 inf
3.54243e-10 inf
3.71626e-10 inf
3.89862e-10 inf
4.08992e-10 inf
4.29062e-10 inf
4.50116e-10 inf
4.72203e-10 inf
4.95374e-10 inf
5.19682e-10 inf
5.45183e-10 inf
5.71935e-10 inf
6.00000e-10 inf
5.00000e-09 inf
5.24535e-09 inf
5.50274e-09 inf
5.77276e-09 inf
6.05603e-09 inf
6.35320e-09 inf
6.66495e-09 inf
6.99200e-09 inf
7.33510e-09 inf
7.69504e-09 inf
8.07263e-09 inf
8.46876e-09 inf
8.88432e-09 6.39012e-14
9.32028e-09 4.00664e-14
9.77762e-09 3.39849e-14
1.02574e-08 3.20147e-14
1.07607e-08 3.48786e-14
1.12888e-08 2.81998e-14
1.18427e-08 2.55338e-14
1.24238e-08 2.28910e-14
1.30335e-08 2.05179e-14
1.36730e-08 1.84957e-14
1.43440e-08 1.69657e-14
1.50478e-08 1.58581e-14
1.57862e-08 1.51089e-14
1.65609e-08 1.45768e-14
1.73735e-08 1.70653e-14
1.82260e-08 1.35107e-14
1.91204e-08 1.28832e-14
2.00586e-08 7.99600e-15
2.10429e-08 6.82193e-15
2.20755e-08 5.60828e-15
2.31587e-08 4.53437e-15
2.42951e-08 3.76847e-15
2.54873e-08 3.49970e-15
2.67380e-08 3.62705e-15
2.80500e-08 3.82452e-15
2.94264e-08 3.98412e-15
3.08704e-08 4.13084e-15
3.23852e-08 4.28358e-15
3.39743e-08 4.44221e-15
3.56415e-08 4.59908e-15
3.73904e-08 4.74698e-15
3.92251e-08 4.88634e-15
4.11499e-08 5.02409e-15
4.31692e-08 5.17147e-15
4.52875e-08 5.33921e-15
4.75097e-08 5.53366e-15
4.98411e-08 5.75625e-15
5.22868e-08 6.00349e-15
5.48525e-08 6.27005e-15
5.75441e-08 6.54941e-15
6.03678e-08 6.83578e-15
6.33300e-08 7.12530e-15
6.64377e-08 7.42008e-15
6.96978e-08 7.74502e-15
7.31178e-08 8.20300e-15
7.67057e-08 8.64850e-15
8.04697e-08 7.31338e-15
8.44184e-08 7.96438e-15
8.85608e-08 8.31257e-15
9.29065e-08 8.51875e-15
9.74654e-08 8.87232e-15
1.02248e-07 inf
1.07265e-07 inf
1.12529e-07 inf
1.18051e-07 inf
1.23843e-07 inf
1.29921e-07 inf
1.36296e-07 inf
1.42984e-07 inf
1.50000e-07 inf
