1.00000e-02 inf
1.21819e-02 inf
1.48398e-02 inf
1.80777e-02 inf
2.20220e-02 1.75214e-21
2.68270e-02 4.01479e-25
3.26803e-02 2.09544e-27
3.98107e-02 8.52575e-29
4.84969e-02 8.62276e-30
5.90784e-02 1.64158e-30
7.19686e-02 5.15190e-31
8.76712e-02 2.32776e-31
1.06800e-01 8.02337e-32
1.30103e-01 3.39246e-32
1.58489e-01 1.88901e-32
1.93070e-01 1.23994e-32
2.35195e-01 9.09052e-33
2.86512e-01 7.17416e-33
3.49025e-01 5.99397e-33
4.25179e-01 5.16666e-33
5.17947e-01 4.38544e-33
6.30957e-01 2.79145e-33
7.68625e-01 1.74949e-33
9.36329e-01 1.15399e-33
1.14062e+00 7.07223e-34
1.38950e+00 4.77634e-34
1.69267e+00 3.19627e-34
2.06199e+00 2.05815e-34
2.51189e+00 1.32512e-34
3.05995e+00 8.61292e-35
3.72759e+00 5.24806e-35
4.54091e+00 3.51300e-35
5.53168e+00 2.13912e-35
6.73863e+00 1.21429e-35
8.20891e+00 7.45336e-36
1.00000e+01 4.34778e-36
