# DM Mass [GeV] Xsec [cm^2]
1.218e-04 3.542e-03
1.253e-04 1.673e-03
1.289e-04 7.905e-04
1.326e-04 3.734e-04
1.365e-04 1.764e-04
1.404e-04 8.333e-05
1.444e-04 3.936e-05
1.486e-04 1.874e-05
1.528e-04 1.076e-05
1.572e-04 6.174e-06
1.618e-04 3.544e-06
1.664e-04 2.034e-06
1.712e-04 1.167e-06
1.761e-04 6.700e-07
1.812e-04 3.871e-07
1.864e-04 2.410e-07
1.918e-04 1.501e-07
1.973e-04 9.345e-08
2.030e-04 5.819e-08
2.088e-04 3.623e-08
2.148e-04 2.256e-08
2.210e-04 1.412e-08
2.273e-04 9.147e-09
2.339e-04 5.927e-09
2.406e-04 3.840e-09
2.475e-04 2.488e-09
2.547e-04 1.612e-09
2.620e-04 1.045e-09
2.695e-04 6.799e-10
2.773e-04 4.523e-10
2.852e-04 3.009e-10
2.934e-04 2.002e-10
3.019e-04 1.332e-10
3.106e-04 8.862e-11
3.195e-04 5.896e-11
3.287e-04 3.936e-11
3.381e-04 2.662e-11
3.479e-04 1.800e-11
3.579e-04 1.217e-11
3.682e-04 8.231e-12
3.788e-04 5.566e-12
3.897e-04 3.764e-12
4.009e-04 2.552e-12
4.124e-04 1.746e-12
4.243e-04 1.195e-12
4.365e-04 8.174e-13
4.490e-04 5.592e-13
4.619e-04 3.826e-13
4.752e-04 2.618e-13
4.889e-04 1.796e-13
5.030e-04 1.240e-13
5.174e-04 8.564e-14
5.323e-04 5.914e-14
5.476e-04 4.084e-14
5.634e-04 2.821e-14
5.796e-04 1.948e-14
5.963e-04 1.349e-14
6.134e-04 9.390e-15
6.311e-04 6.537e-15
6.492e-04 4.551e-15
6.679e-04 3.168e-15
6.871e-04 2.206e-15
7.069e-04 1.536e-15
7.272e-04 1.072e-15
7.481e-04 7.508e-16
7.696e-04 5.260e-16
7.918e-04 3.686e-16
8.146e-04 2.582e-16
8.380e-04 1.809e-16
8.621e-04 1.268e-16
8.869e-04 8.912e-17
9.124e-04 6.296e-17
9.386e-04 4.448e-17
9.657e-04 3.142e-17
9.934e-04 2.220e-17
1.022e-03 1.568e-17
1.051e-03 1.108e-17
1.082e-03 7.854e-18
1.113e-03 5.589e-18
1.145e-03 3.977e-18
1.178e-03 2.830e-18
1.212e-03 2.014e-18
1.246e-03 1.433e-18
1.282e-03 1.020e-18
1.319e-03 7.289e-19
1.357e-03 5.232e-19
1.396e-03 3.755e-19
1.436e-03 2.695e-19
1.478e-03 1.935e-19
1.520e-03 1.389e-19
1.564e-03 9.967e-20
1.609e-03 7.200e-20
1.655e-03 5.232e-20
1.703e-03 3.801e-20
1.752e-03 2.762e-20
1.802e-03 2.007e-20
1.854e-03 1.458e-20
1.907e-03 1.060e-20
1.962e-03 7.747e-21
2.019e-03 5.689e-21
2.077e-03 4.179e-21
2.136e-03 3.069e-21
2.198e-03 2.254e-21
2.261e-03 1.655e-21
2.326e-03 1.216e-21
2.393e-03 8.979e-22
2.462e-03 6.656e-22
2.533e-03 4.933e-22
2.606e-03 3.656e-22
2.680e-03 2.710e-22
2.758e-03 2.009e-22
2.837e-03 1.489e-22
2.919e-03 1.110e-22
3.002e-03 8.306e-23
3.089e-03 6.214e-23
3.178e-03 4.648e-23
3.269e-03 3.477e-23
3.363e-03 2.601e-23
3.460e-03 1.946e-23
3.559e-03 1.462e-23
3.662e-03 1.100e-23
3.767e-03 8.279e-24
3.876e-03 6.230e-24
3.987e-03 4.689e-24
4.102e-03 3.528e-24
4.220e-03 2.655e-24
4.341e-03 2.006e-24
4.466e-03 1.518e-24
4.594e-03 1.149e-24
4.727e-03 8.697e-25
4.863e-03 6.582e-25
5.002e-03 4.981e-25
5.146e-03 3.769e-25
5.294e-03 2.852e-25
5.447e-03 2.157e-25
5.603e-03 1.632e-25
5.764e-03 1.235e-25
5.930e-03 9.341e-26
6.101e-03 7.067e-26
6.276e-03 5.346e-26
6.457e-03 4.047e-26
6.643e-03 3.064e-26
6.834e-03 2.320e-26
7.030e-03 1.757e-26
7.233e-03 1.330e-26
7.441e-03 1.007e-26
7.655e-03 7.626e-27
7.875e-03 5.769e-27
8.101e-03 4.364e-27
8.334e-03 3.301e-27
8.574e-03 2.497e-27
8.821e-03 1.889e-27
9.075e-03 1.428e-27
9.336e-03 1.081e-27
9.604e-03 8.180e-28
9.880e-03 6.193e-28
1.016e-02 4.689e-28
1.046e-02 3.550e-28
1.076e-02 2.688e-28
1.107e-02 2.035e-28
1.139e-02 1.541e-28
1.171e-02 1.173e-28
1.205e-02 8.931e-29
1.240e-02 6.801e-29
1.275e-02 5.179e-29
1.312e-02 3.944e-29
1.350e-02 3.003e-29
1.389e-02 2.287e-29
1.429e-02 1.765e-29
1.470e-02 1.362e-29
1.512e-02 1.051e-29
1.555e-02 8.114e-30
1.600e-02 6.263e-30
1.646e-02 4.834e-30
1.694e-02 3.732e-30
1.742e-02 2.928e-30
1.792e-02 2.297e-30
1.844e-02 1.802e-30
1.897e-02 1.414e-30
1.952e-02 1.109e-30
2.008e-02 8.705e-31
2.065e-02 6.838e-31
2.125e-02 5.476e-31
2.186e-02 4.386e-31
2.249e-02 3.512e-31
2.313e-02 2.813e-31
2.380e-02 2.253e-31
2.449e-02 1.804e-31
2.519e-02 1.448e-31
2.591e-02 1.186e-31
2.666e-02 9.707e-32
2.743e-02 7.947e-32
2.822e-02 6.506e-32
2.903e-02 5.327e-32
2.986e-02 4.361e-32
3.072e-02 3.494e-32
3.160e-02 2.449e-32
3.251e-02 1.716e-32
3.345e-02 1.113e-32
3.441e-02 6.868e-33
3.540e-02 4.237e-33
3.642e-02 2.614e-33
3.747e-02 1.613e-33
3.854e-02 9.949e-34
3.965e-02 6.138e-34
4.079e-02 3.664e-34
4.197e-02 2.492e-34
4.317e-02 1.695e-34
4.442e-02 1.153e-34
4.569e-02 7.841e-35
4.701e-02 5.333e-35
4.836e-02 3.627e-35
4.975e-02 2.494e-35
5.118e-02 1.901e-35
5.266e-02 1.449e-35
5.417e-02 1.104e-35
5.573e-02 8.417e-36
5.733e-02 6.416e-36
5.898e-02 4.890e-36
6.068e-02 3.737e-36
6.242e-02 3.073e-36
6.422e-02 2.526e-36
6.607e-02 2.077e-36
6.797e-02 1.708e-36
6.992e-02 1.404e-36
7.193e-02 1.155e-36
7.400e-02 7.366e-37
7.613e-02 5.482e-37
7.832e-02 4.102e-37
8.057e-02 3.070e-37
8.289e-02 2.298e-37
8.528e-02 1.720e-37
8.773e-02 1.287e-37
9.025e-02 9.631e-38
9.285e-02 7.735e-38
9.552e-02 6.254e-38
9.827e-02 5.057e-38
1.011e-01 4.089e-38
1.040e-01 3.306e-38
1.070e-01 2.673e-38
1.101e-01 2.161e-38
1.132e-01 1.829e-38
1.165e-01 1.561e-38
1.198e-01 1.332e-38
1.233e-01 1.136e-38
1.268e-01 9.694e-39
1.305e-01 8.271e-39
1.342e-01 7.056e-39
1.381e-01 6.150e-39
1.421e-01 5.390e-39
1.462e-01 4.724e-39
1.504e-01 4.141e-39
1.547e-01 3.629e-39
1.591e-01 3.181e-39
1.637e-01 2.788e-39
1.684e-01 2.536e-39
1.733e-01 2.338e-39
1.783e-01 2.156e-39
1.834e-01 1.988e-39
1.887e-01 1.833e-39
1.941e-01 1.690e-39
1.997e-01 1.558e-39
2.054e-01 1.461e-39
2.113e-01 1.381e-39
2.174e-01 1.306e-39
2.237e-01 1.235e-39
2.301e-01 1.168e-39
2.367e-01 1.104e-39
2.435e-01 1.044e-39
2.505e-01 9.445e-40
2.577e-01 8.316e-40
2.651e-01 7.321e-40
2.728e-01 6.446e-40
2.806e-01 5.675e-40
2.887e-01 4.996e-40
2.970e-01 4.399e-40
3.055e-01 3.772e-40
3.143e-01 3.166e-40
3.234e-01 2.658e-40
3.327e-01 2.231e-40
3.422e-01 1.873e-40
3.521e-01 1.573e-40
3.622e-01 1.320e-40
3.726e-01 1.124e-40
3.834e-01 9.709e-41
3.944e-01 8.387e-41
4.057e-01 7.245e-41
4.174e-01 6.258e-41
4.294e-01 5.406e-41
4.418e-01 4.670e-41
4.545e-01 4.058e-41
4.675e-01 3.554e-41
4.810e-01 3.112e-41
4.948e-01 2.725e-41
5.091e-01 2.386e-41
5.237e-01 2.090e-41
5.388e-01 1.830e-41
5.543e-01 1.613e-41
5.702e-01 1.436e-41
5.866e-01 1.279e-41
6.035e-01 1.139e-41
6.208e-01 1.014e-41
6.387e-01 9.032e-42
6.571e-01 8.043e-42
6.760e-01 7.194e-42
6.954e-01 6.499e-42
7.154e-01 5.871e-42
7.360e-01 5.303e-42
7.572e-01 4.790e-42
7.790e-01 4.327e-42
8.014e-01 3.909e-42
8.244e-01 3.541e-42
8.481e-01 3.232e-42
8.725e-01 2.951e-42
8.976e-01 2.694e-42
9.235e-01 2.459e-42
9.500e-01 2.245e-42
9.773e-01 2.050e-42
1.005e+00 1.870e-42
1.034e+00 1.701e-42
1.064e+00 1.548e-42
1.095e+00 1.408e-42
1.126e+00 1.281e-42
1.159e+00 1.165e-42
1.192e+00 1.060e-42
1.226e+00 9.640e-43
1.262e+00 8.835e-43
1.298e+00 8.111e-43
1.335e+00 7.447e-43
1.374e+00 6.837e-43
1.413e+00 6.277e-43
1.454e+00 5.763e-43
1.496e+00 5.291e-43
1.539e+00 4.863e-43
1.583e+00 4.475e-43
1.628e+00 4.118e-43
1.675e+00 3.790e-43
1.723e+00 3.488e-43
1.773e+00 3.209e-43
1.824e+00 2.954e-43
1.876e+00 2.721e-43
1.930e+00 2.564e-43
1.986e+00 2.416e-43
2.043e+00 2.277e-43
2.102e+00 2.145e-43
2.162e+00 2.021e-43
2.224e+00 1.905e-43
2.288e+00 1.795e-43
2.354e+00 1.671e-43
2.422e+00 1.546e-43
2.492e+00 1.431e-43
2.563e+00 1.324e-43
2.637e+00 1.226e-43
2.713e+00 1.134e-43
2.791e+00 1.050e-43
2.871e+00 9.932e-44
2.954e+00 9.927e-44
3.039e+00 9.921e-44
3.126e+00 9.916e-44
3.216e+00 9.910e-44
3.309e+00 9.905e-44
3.404e+00 9.899e-44
3.502e+00 9.894e-44
3.603e+00 9.758e-44
3.706e+00 9.610e-44
3.813e+00 9.464e-44
3.922e+00 9.321e-44
4.035e+00 9.180e-44
4.151e+00 9.041e-44
4.271e+00 8.904e-44
4.394e+00 8.950e-44
4.520e+00 9.166e-44
4.650e+00 9.387e-44
4.784e+00 9.613e-44
4.921e+00 9.844e-44
5.063e+00 1.008e-43
5.209e+00 1.032e-43
5.358e+00 1.052e-43
5.513e+00 1.042e-43
5.671e+00 1.031e-43
5.834e+00 1.021e-43
6.002e+00 1.010e-43
6.175e+00 1.000e-43
6.352e+00 9.902e-44
6.535e+00 9.802e-44
6.723e+00 9.894e-44
6.916e+00 1.005e-43
7.115e+00 1.020e-43
7.320e+00 1.036e-43
7.531e+00 1.052e-43
7.747e+00 1.069e-43
7.970e+00 1.085e-43
8.199e+00 1.105e-43
8.435e+00 1.128e-43
8.678e+00 1.152e-43
8.928e+00 1.177e-43
9.184e+00 1.202e-43
9.449e+00 1.227e-43
9.720e+00 1.254e-43
1.000e+01 1.280e-43
