1.00000e-05 inf
1.21547e-05 inf
1.47738e-05 inf
1.79571e-05 inf
2.18264e-05 inf
2.65295e-05 inf
3.22459e-05 inf
3.91941e-05 inf
4.76394e-05 inf
5.79044e-05 inf
7.03814e-05 inf
8.55467e-05 inf
1.03980e-04 inf
1.26385e-04 inf
1.53617e-04 inf
1.86718e-04 inf
2.26951e-04 inf
2.75853e-04 inf
3.35292e-04 inf
4.07539e-04 inf
4.95354e-04 inf
6.02089e-04 inf
7.31824e-04 inf
8.89513e-04 inf
1.08118e-03 inf
1.31415e-03 inf
1.59731e-03 inf
1.94149e-03 inf
2.35983e-03 inf
2.86832e-03 inf
3.48637e-03 inf
4.23759e-03 inf
5.15068e-03 inf
6.26052e-03 inf
7.60950e-03 inf
9.24915e-03 inf
1.12421e-02 inf
1.36645e-02 inf
1.66088e-02 inf
2.01876e-02 1.90222e-24
2.45375e-02 1.27434e-26
2.98247e-02 6.67779e-28
3.62512e-02 6.93870e-29
4.40624e-02 5.40752e-30
5.35567e-02 8.34215e-31
6.50968e-02 2.13402e-31
7.91234e-02 8.15572e-32
9.61725e-02 4.29969e-32
1.16895e-01 2.19748e-32
1.42083e-01 1.06922e-32
1.72698e-01 5.91812e-33
2.09910e-01 4.02355e-33
2.55141e-01 3.04692e-33
3.10117e-01 2.35812e-33
3.76939e-01 2.12022e-33
4.58160e-01 1.72920e-33
5.56881e-01 1.48061e-33
6.76875e-01 1.24067e-33
8.22724e-01 1.03856e-33
1.00000e+00 7.99344e-34
