1.00000e-02 4.02511e-27
1.22168e-02 1.88861e-28
1.49250e-02 9.96124e-30
1.82335e-02 7.42108e-31
2.22754e-02 6.33608e-32
2.72134e-02 6.84790e-33
3.32460e-02 8.56143e-34
4.06159e-02 2.87467e-35
4.96195e-02 2.04719e-36
6.06190e-02 2.97713e-37
7.40568e-02 7.30959e-38
9.04736e-02 2.45595e-38
1.10530e-01 6.18400e-39
1.35031e-01 1.89026e-39
1.64965e-01 6.98369e-40
2.01534e-01 3.88387e-40
2.46209e-01 2.18553e-40
3.00788e-01 1.30420e-40
3.67466e-01 9.05650e-41
4.48925e-01 5.42408e-41
5.48442e-01 2.63077e-41
6.70019e-01 2.12136e-41
8.18547e-01 1.19918e-41
1.00000e+00 7.59771e-42
