1.00000e-03 inf
1.21819e-03 inf
1.48398e-03 2.15358e-32
1.80777e-03 1.02140e-34
2.20220e-03 9.47587e-36
2.68270e-03 2.15800e-36
3.26803e-03 7.77928e-37
3.98107e-03 3.84785e-37
4.84969e-03 2.40497e-37
5.90784e-03 1.64379e-37
7.19686e-03 1.32188e-37
8.76712e-03 1.14363e-37
1.06800e-02 1.04528e-37
1.30103e-02 9.80416e-38
1.58489e-02 9.92017e-38
1.93070e-02 1.00322e-37
2.35195e-02 1.08428e-37
2.86512e-02 1.18208e-37
3.49025e-02 1.30050e-37
4.25179e-02 1.47585e-37
5.17947e-02 1.70265e-37
6.30957e-02 1.99942e-37
7.68625e-02 2.22638e-37
9.36329e-02 2.83581e-37
1.14062e-01 3.25100e-37
1.38950e-01 3.84905e-37
1.69267e-01 4.64248e-37
2.06199e-01 5.42629e-37
2.51189e-01 6.71731e-37
3.05995e-01 7.88117e-37
3.72759e-01 9.86964e-37
4.54091e-01 1.19198e-36
5.53168e-01 1.41671e-36
6.73863e-01 1.73331e-36
8.20891e-01 2.09127e-36
1.00000e+00 2.48118e-36
