1.00000e-02 inf
1.21819e-02 inf
1.48398e-02 inf
1.80777e-02 inf
2.20220e-02 1.52182e-24
2.68270e-02 2.68946e-28
3.26803e-02 1.17426e-30
3.98107e-02 4.12218e-32
4.84969e-02 3.62687e-33
5.90784e-02 7.05100e-34
7.19686e-02 2.39151e-34
8.76712e-02 5.28271e-35
1.06800e-01 1.67505e-35
1.30103e-01 7.52524e-36
1.58489e-01 4.78323e-36
1.93070e-01 3.46507e-36
2.35195e-01 2.68852e-36
2.86512e-01 1.94585e-36
3.49025e-01 7.54773e-37
4.25179e-01 3.54824e-37
5.17947e-01 1.90543e-37
6.30957e-01 1.12768e-37
7.68625e-01 7.10061e-38
9.36329e-01 4.94123e-38
1.14062e+00 3.09718e-38
1.38950e+00 2.27741e-38
1.69267e+00 1.58127e-38
2.06199e+00 1.14247e-38
2.51189e+00 1.10756e-38
3.05995e+00 1.10152e-38
3.72759e+00 9.36513e-39
4.54091e+00 9.96053e-39
5.53168e+00 1.19813e-38
6.73863e+00 1.54516e-38
8.20891e+00 1.81043e-38
1.00000e+01 2.06281e-38
