1.00000e-03 inf
1.21819e-03 inf
1.48398e-03 inf
1.80777e-03 inf
2.20220e-03 inf
2.68270e-03 inf
3.26803e-03 inf
3.98107e-03 inf
4.84969e-03 inf
5.90784e-03 inf
7.19686e-03 inf
8.76712e-03 inf
1.06800e-02 inf
1.30103e-02 inf
1.58489e-02 inf
1.93070e-02 inf
2.35195e-02 1.65418e-26
2.86512e-02 7.86316e-29
3.49025e-02 3.54024e-30
4.25179e-02 3.79238e-31
5.17947e-02 8.83435e-32
6.30957e-02 3.10770e-32
7.68625e-02 1.54629e-32
9.36329e-02 9.80608e-33
1.14062e-01 7.48375e-33
1.38950e-01 6.53163e-33
1.69267e-01 6.18644e-33
2.06199e-01 6.20425e-33
2.51189e-01 6.43350e-33
3.05995e-01 6.78619e-33
3.72759e-01 7.18416e-33
4.54091e-01 7.62091e-33
5.53168e-01 8.01941e-33
6.73863e-01 8.35368e-33
8.20891e-01 8.59045e-33
1.00000e+00 8.71750e-33
