1.00000e-05 inf
1.24520e-05 inf
1.55052e-05 5.11979e-27
1.93070e-05 3.68191e-30
2.40410e-05 3.17049e-31
2.99358e-05 6.89310e-32
3.72759e-05 1.02212e-30
4.64159e-05 2.61627e-32
5.77969e-05 6.57353e-33
7.19686e-05 3.35059e-33
8.96151e-05 3.01471e-33
1.11588e-04 8.56326e-32
1.38950e-04 1.76820e-31
1.73020e-04 2.43117e-31
2.15443e-04 2.98031e-31
2.68270e-04 3.50549e-31
3.34048e-04 4.26788e-31
4.15956e-04 5.32531e-31
5.17947e-04 6.78100e-31
6.44947e-04 8.68232e-31
8.03086e-04 1.11246e-30
1.00000e-03 1.41237e-30
1.24520e-03 1.80350e-30
1.55052e-03 2.26964e-30
1.93070e-03 2.83191e-30
2.40410e-03 3.51958e-30
2.99358e-03 4.33850e-30
3.72759e-03 5.34315e-30
4.64159e-03 6.58344e-30
5.77969e-03 7.99459e-30
7.19686e-03 9.79999e-30
8.96151e-03 1.18840e-29
1.11588e-02 6.82503e-30
1.38950e-02 3.88173e-30
1.73020e-02 2.35446e-30
2.15443e-02 1.52887e-30
2.68270e-02 1.09485e-30
3.34048e-02 8.64220e-31
4.15956e-02 7.58006e-31
5.17947e-02 1.52754e-31
6.44947e-02 3.76897e-32
8.03086e-02 1.41806e-32
1.00000e-01 6.61564e-33
1.24520e-01 3.95236e-33
1.55052e-01 2.89691e-33
1.93070e-01 2.17470e-33
2.40410e-01 1.85709e-33
2.99358e-01 1.52436e-33
3.72759e-01 1.34290e-33
4.64159e-01 1.22067e-33
5.77969e-01 1.01347e-33
7.19686e-01 8.23103e-34
8.96151e-01 6.42993e-34
1.11588e+00 6.64448e-34
1.38950e+00 4.86207e-34
1.73020e+00 3.55264e-34
2.15443e+00 2.31827e-34
2.68270e+00 1.55377e-34
3.34048e+00 1.02146e-34
4.15956e+00 6.05313e-35
5.17947e+00 3.18840e-35
6.44947e+00 1.83969e-35
8.03086e+00 7.93032e-36
1.00000e+01 2.96952e-36
