3.00000e-05 inf
3.47395e-05 inf
4.02278e-05 inf
4.65831e-05 inf
5.39425e-05 inf
6.24646e-05 inf
7.23330e-05 1.10471e-13
8.37604e-05 3.42782e-15
9.69932e-05 2.86624e-16
1.12317e-04 3.70500e-17
1.30061e-04 6.37734e-18
1.50608e-04 1.36586e-18
1.74402e-04 3.02596e-19
2.01955e-04 7.42440e-20
2.33860e-04 1.90183e-20
2.70806e-04 5.17211e-21
3.13590e-04 1.37245e-21
3.63132e-04 3.90010e-22
4.20501e-04 1.12643e-22
4.86933e-04 3.34283e-23
5.63860e-04 9.71552e-24
6.52941e-04 2.84641e-24
7.56095e-04 9.30033e-25
8.75546e-04 2.81519e-25
1.01387e-03 8.33091e-26
1.17404e-03 2.77386e-26
1.35952e-03 8.63880e-27
1.57431e-03 2.71265e-27
1.82302e-03 8.41443e-28
2.11103e-03 2.68859e-28
2.44454e-03 8.99496e-29
2.83074e-03 2.96035e-29
3.27795e-03 9.96232e-30
3.79581e-03 3.40133e-30
4.39549e-03 1.21012e-30
5.08990e-03 4.21751e-31
5.89402e-03 1.49154e-31
6.82518e-03 5.53170e-32
7.90345e-03 2.05837e-32
9.15207e-03 7.74276e-33
1.05980e-02 2.91498e-33
1.22723e-02 1.19661e-33
1.42111e-02 4.91141e-34
1.64562e-02 2.13854e-34
1.90560e-02 9.89506e-35
2.20666e-02 4.95976e-35
2.55527e-02 2.55838e-35
2.95896e-02 1.40407e-35
3.42643e-02 6.33009e-36
3.96775e-02 2.28489e-36
4.59459e-02 7.19331e-37
5.32047e-02 2.63208e-37
6.16101e-02 7.82367e-38
7.13435e-02 3.44336e-38
8.26147e-02 1.71744e-38
9.56665e-02 8.91987e-39
1.10780e-01 4.84699e-39
1.28282e-01 2.98096e-39
1.48548e-01 1.89460e-39
1.72016e-01 1.36662e-39
1.99192e-01 9.01659e-40
2.30661e-01 6.96622e-40
2.67102e-01 5.52763e-40
3.09300e-01 4.48379e-40
3.58164e-01 3.66758e-40
4.14749e-01 3.09929e-40
4.80272e-01 2.62638e-40
5.56147e-01 2.23271e-40
6.44010e-01 1.91729e-40
7.45753e-01 1.65506e-40
8.63570e-01 1.40200e-40
1.00000e+00 1.29490e-40
