1.00000e-02 inf
1.21819e-02 inf
1.48398e-02 inf
1.80777e-02 inf
2.20220e-02 3.38675e-27
2.68270e-02 4.07346e-31
3.26803e-02 1.20834e-33
3.98107e-02 2.89431e-35
4.84969e-02 1.74918e-36
5.90784e-02 2.40275e-37
7.19686e-02 5.74221e-38
8.76712e-02 8.35508e-39
1.06800e-01 1.97102e-39
1.30103e-01 6.36493e-40
1.58489e-01 2.83822e-40
1.93070e-01 1.50086e-40
2.35195e-01 8.28884e-41
2.86512e-01 4.24611e-41
3.49025e-01 1.27551e-41
4.25179e-01 4.46063e-42
5.17947e-01 1.69721e-42
6.30957e-01 9.14061e-43
7.68625e-01 4.41104e-43
9.36329e-01 2.60150e-43
1.14062e+00 1.32560e-43
1.38950e+00 8.06017e-44
1.69267e+00 4.63682e-44
2.06199e+00 4.00978e-44
2.51189e+00 2.81723e-44
3.05995e+00 2.12395e-44
3.72759e+00 1.87220e-44
4.54091e+00 2.01809e-44
5.53168e+00 2.29507e-44
6.73863e+00 2.36770e-44
8.20891e+00 2.83429e-44
1.00000e+01 3.42999e-44
