1.00000e-01 inf
1.21819e-01 inf
1.48398e-01 inf
1.80777e-01 inf
2.20220e-01 3.49149e-38
2.68270e-01 7.48835e-40
3.26803e-01 1.20739e-40
3.98107e-01 4.42904e-41
4.84969e-01 2.10993e-41
5.90784e-01 1.03184e-41
7.19686e-01 4.86769e-42
8.76712e-01 2.10746e-42
1.06800e+00 1.16985e-42
1.30103e+00 7.19168e-43
1.58489e+00 4.83401e-43
1.93070e+00 3.43845e-43
2.35195e+00 2.55723e-43
2.86512e+00 1.98819e-43
3.49025e+00 1.60008e-43
4.25179e+00 1.32103e-43
5.17947e+00 1.11508e-43
6.30957e+00 9.55873e-44
7.68625e+00 8.31729e-44
9.36329e+00 7.33139e-44
1.14062e+01 6.53392e-44
1.38950e+01 5.91328e-44
1.69267e+01 5.43324e-44
2.06199e+01 5.07923e-44
2.51189e+01 4.84921e-44
3.05995e+01 4.73382e-44
3.72759e+01 4.72488e-44
4.54091e+01 4.82590e-44
5.53168e+01 5.05921e-44
6.73863e+01 5.43710e-44
8.20891e+01 5.97541e-44
1.00000e+02 6.70084e-44
