1.00000e-05 inf
1.24520e-05 inf
1.55052e-05 inf
1.93070e-05 inf
2.40410e-05 inf
2.99358e-05 inf
3.72759e-05 inf
4.64159e-05 inf
5.77969e-05 inf
7.19686e-05 inf
8.96151e-05 inf
1.11588e-04 inf
1.38950e-04 inf
1.73020e-04 inf
2.15443e-04 inf
2.68270e-04 inf
3.34048e-04 inf
4.15956e-04 inf
5.17947e-04 inf
6.44947e-04 inf
8.03086e-04 inf
1.00000e-03 inf
1.24520e-03 inf
1.55052e-03 inf
1.93070e-03 inf
2.40410e-03 inf
2.99358e-03 inf
3.72759e-03 inf
4.64159e-03 inf
5.77969e-03 inf
7.19686e-03 inf
8.96151e-03 inf
1.11588e-02 inf
1.38950e-02 inf
1.73020e-02 inf
2.15443e-02 1.08750e-31
2.68270e-02 1.44913e-33
3.34048e-02 7.36896e-35
4.15956e-02 1.77338e-36
5.17947e-02 1.06550e-37
6.44947e-02 1.53154e-38
8.03086e-02 4.06146e-39
1.00000e-01 8.17366e-40
1.24520e-01 1.84125e-40
1.55052e-01 6.94801e-41
1.93070e-01 3.11724e-41
2.40410e-01 1.66171e-41
2.99358e-01 9.48056e-42
3.72759e-01 5.44942e-42
4.64159e-01 2.66801e-42
5.77969e-01 1.30664e-42
7.19686e-01 6.75408e-43
8.96151e-01 3.90482e-43
1.11588e+00 2.22244e-43
1.38950e+00 1.62040e-43
1.73020e+00 1.24584e-43
2.15443e+00 1.02908e-43
2.68270e+00 9.15203e-44
3.34048e+00 8.81669e-44
4.15956e+00 9.23196e-44
5.17947e+00 1.02195e-43
6.44947e+00 1.16647e-43
8.03086e+00 1.38182e-43
1.00000e+01 1.68154e-43
