# DM Mass [GeV] Xsec [cm^2]
4.796e-05 8.411e-19
4.945e-05 4.475e-19
5.099e-05 2.381e-19
5.258e-05 1.267e-19
5.422e-05 6.743e-20
5.591e-05 3.588e-20
5.766e-05 1.909e-20
5.945e-05 1.215e-20
6.131e-05 8.638e-21
6.322e-05 6.143e-21
6.519e-05 4.369e-21
6.722e-05 3.107e-21
6.931e-05 2.209e-21
7.148e-05 1.606e-21
7.370e-05 1.254e-21
7.600e-05 9.794e-22
7.837e-05 7.649e-22
8.081e-05 5.974e-22
8.333e-05 4.666e-22
8.593e-05 3.644e-22
8.861e-05 2.962e-22
9.137e-05 2.425e-22
9.422e-05 1.985e-22
9.716e-05 1.625e-22
1.002e-04 1.330e-22
1.033e-04 1.089e-22
1.065e-04 9.036e-23
1.098e-04 7.611e-23
1.133e-04 6.412e-23
1.168e-04 5.401e-23
1.204e-04 4.550e-23
1.242e-04 3.832e-23
1.281e-04 3.234e-23
1.321e-04 2.780e-23
1.362e-04 2.390e-23
1.404e-04 2.055e-23
1.448e-04 1.767e-23
1.493e-04 1.519e-23
1.540e-04 1.306e-23
1.588e-04 1.134e-23
1.637e-04 9.880e-24
1.688e-04 8.611e-24
1.741e-04 7.505e-24
1.795e-04 6.541e-24
1.851e-04 5.701e-24
1.909e-04 3.970e-24
1.968e-04 1.685e-24
2.030e-04 7.153e-25
2.093e-04 3.036e-25
2.158e-04 1.289e-25
2.225e-04 5.470e-26
2.295e-04 2.322e-26
2.366e-04 1.489e-26
2.440e-04 9.854e-27
2.516e-04 6.523e-27
2.595e-04 4.318e-27
2.675e-04 2.858e-27
2.759e-04 1.892e-27
2.845e-04 1.400e-27
2.934e-04 1.138e-27
3.025e-04 9.243e-28
3.119e-04 7.510e-28
3.217e-04 6.102e-28
3.317e-04 4.958e-28
3.420e-04 4.081e-28
3.527e-04 3.594e-28
3.637e-04 3.165e-28
3.750e-04 2.787e-28
3.867e-04 2.454e-28
3.988e-04 2.161e-28
4.112e-04 1.903e-28
4.240e-04 1.732e-28
4.372e-04 1.590e-28
4.508e-04 1.460e-28
4.649e-04 1.340e-28
4.794e-04 1.231e-28
4.943e-04 1.130e-28
5.097e-04 1.048e-28
5.256e-04 9.857e-29
5.420e-04 9.273e-29
5.589e-04 8.724e-29
5.763e-04 8.208e-29
5.943e-04 7.722e-29
6.128e-04 7.266e-29
6.319e-04 6.934e-29
6.516e-04 6.618e-29
6.719e-04 6.316e-29
6.929e-04 6.028e-29
7.145e-04 5.753e-29
7.368e-04 5.491e-29
7.597e-04 5.259e-29
7.834e-04 5.048e-29
8.078e-04 4.846e-29
8.330e-04 4.652e-29
8.590e-04 4.465e-29
8.858e-04 4.287e-29
9.134e-04 4.118e-29
9.418e-04 3.964e-29
9.712e-04 3.817e-29
1.001e-03 3.674e-29
1.033e-03 3.537e-29
1.065e-03 3.406e-29
1.098e-03 3.279e-29
1.132e-03 3.164e-29
1.168e-03 3.054e-29
1.204e-03 2.949e-29
1.242e-03 2.847e-29
1.280e-03 2.748e-29
1.320e-03 2.653e-29
1.361e-03 2.563e-29
1.404e-03 2.478e-29
1.447e-03 2.397e-29
1.493e-03 2.317e-29
1.539e-03 2.241e-29
1.587e-03 2.167e-29
1.637e-03 2.096e-29
1.688e-03 2.028e-29
1.740e-03 1.962e-29
1.794e-03 1.899e-29
1.850e-03 1.837e-29
1.908e-03 1.778e-29
1.968e-03 1.720e-29
2.029e-03 1.664e-29
2.092e-03 1.609e-29
2.157e-03 1.556e-29
2.225e-03 1.504e-29
2.294e-03 1.455e-29
2.365e-03 1.407e-29
2.439e-03 1.361e-29
2.515e-03 1.319e-29
2.594e-03 1.278e-29
2.674e-03 1.239e-29
2.758e-03 1.201e-29
2.844e-03 1.163e-29
2.932e-03 1.127e-29
3.024e-03 1.092e-29
3.118e-03 1.058e-29
3.215e-03 1.024e-29
3.316e-03 9.922e-30
3.419e-03 9.610e-30
3.525e-03 9.308e-30
3.635e-03 9.021e-30
3.749e-03 8.748e-30
3.866e-03 8.483e-30
3.986e-03 8.226e-30
4.110e-03 7.977e-30
4.238e-03 7.736e-30
4.371e-03 7.499e-30
4.507e-03 7.255e-30
4.647e-03 7.020e-30
4.792e-03 6.792e-30
4.942e-03 6.571e-30
5.096e-03 6.357e-30
5.254e-03 6.151e-30
5.418e-03 5.962e-30
5.587e-03 5.781e-30
5.761e-03 5.606e-30
5.941e-03 5.436e-30
6.126e-03 5.271e-30
6.317e-03 5.111e-30
6.514e-03 4.953e-30
6.717e-03 4.796e-30
6.926e-03 4.643e-30
7.142e-03 4.495e-30
7.365e-03 4.352e-30
7.594e-03 4.213e-30
7.831e-03 4.079e-30
8.075e-03 3.953e-30
8.327e-03 3.830e-30
8.587e-03 3.712e-30
8.854e-03 3.596e-30
9.130e-03 3.485e-30
9.415e-03 3.377e-30
9.708e-03 3.276e-30
1.001e-02 3.180e-30
1.032e-02 3.087e-30
1.064e-02 2.996e-30
1.098e-02 2.908e-30
1.132e-02 2.823e-30
1.167e-02 2.743e-30
1.204e-02 2.671e-30
1.241e-02 2.602e-30
1.280e-02 2.534e-30
1.320e-02 2.468e-30
1.361e-02 2.404e-30
1.403e-02 2.341e-30
1.447e-02 2.289e-30
1.492e-02 2.239e-30
1.539e-02 2.190e-30
1.587e-02 2.142e-30
1.636e-02 2.096e-30
1.687e-02 2.050e-30
1.740e-02 2.013e-30
1.794e-02 1.985e-30
1.850e-02 1.958e-30
1.907e-02 1.931e-30
1.967e-02 1.904e-30
2.028e-02 1.877e-30
2.091e-02 1.853e-30
2.157e-02 1.845e-30
2.224e-02 1.836e-30
2.293e-02 1.828e-30
2.365e-02 1.820e-30
2.438e-02 1.812e-30
2.514e-02 1.803e-30
2.593e-02 1.796e-30
2.673e-02 1.789e-30
2.757e-02 1.782e-30
2.843e-02 1.775e-30
2.931e-02 1.768e-30
3.023e-02 1.496e-30
3.117e-02 1.149e-30
3.214e-02 8.823e-31
3.314e-02 6.776e-31
3.418e-02 4.946e-31
3.524e-02 3.061e-31
3.634e-02 1.895e-31
3.747e-02 1.151e-31
3.864e-02 6.837e-32
3.985e-02 4.078e-32
4.109e-02 2.794e-32
4.237e-02 1.914e-32
4.369e-02 1.312e-32
4.505e-02 8.988e-33
4.646e-02 6.159e-33
4.790e-02 4.220e-33
4.940e-02 3.113e-33
5.094e-02 2.413e-33
5.252e-02 1.871e-33
5.416e-02 1.450e-33
5.585e-02 1.124e-33
5.759e-02 8.712e-34
5.939e-02 6.853e-34
6.124e-02 5.792e-34
6.315e-02 4.896e-34
6.512e-02 4.138e-34
6.715e-02 3.497e-34
6.924e-02 2.956e-34
7.140e-02 2.498e-34
7.362e-02 2.010e-34
7.592e-02 1.589e-34
7.828e-02 1.257e-34
8.072e-02 9.936e-35
8.324e-02 7.856e-35
8.583e-02 6.211e-35
8.851e-02 4.998e-35
9.127e-02 4.180e-35
9.411e-02 3.496e-35
9.705e-02 2.924e-35
1.001e-01 2.446e-35
1.032e-01 2.046e-35
1.064e-01 1.711e-35
1.097e-01 1.501e-35
1.131e-01 1.325e-35
1.167e-01 1.170e-35
1.203e-01 1.033e-35
1.241e-01 9.125e-36
1.279e-01 8.057e-36
1.319e-01 7.290e-36
1.360e-01 6.794e-36
1.403e-01 6.331e-36
1.446e-01 5.900e-36
1.492e-01 5.499e-36
1.538e-01 5.125e-36
1.586e-01 4.778e-36
1.635e-01 4.544e-36
1.686e-01 4.322e-36
1.739e-01 4.111e-36
1.793e-01 3.910e-36
1.849e-01 3.719e-36
1.907e-01 3.537e-36
1.966e-01 3.385e-36
2.027e-01 3.254e-36
2.091e-01 3.128e-36
2.156e-01 3.007e-36
2.223e-01 2.891e-36
2.292e-01 2.779e-36
2.364e-01 2.667e-36
2.437e-01 2.536e-36
2.513e-01 2.412e-36
2.592e-01 2.293e-36
2.673e-01 2.181e-36
2.756e-01 2.074e-36
2.842e-01 1.972e-36
2.930e-01 1.747e-36
3.022e-01 1.508e-36
3.116e-01 1.301e-36
3.213e-01 1.123e-36
3.313e-01 9.691e-37
3.416e-01 8.363e-37
3.523e-01 7.284e-37
3.633e-01 6.477e-37
3.746e-01 5.760e-37
3.863e-01 5.122e-37
3.983e-01 4.554e-37
4.107e-01 4.050e-37
4.235e-01 3.601e-37
4.367e-01 3.261e-37
4.503e-01 2.960e-37
4.644e-01 2.687e-37
4.789e-01 2.440e-37
4.938e-01 2.215e-37
5.092e-01 2.011e-37
5.251e-01 1.838e-37
5.414e-01 1.694e-37
5.583e-01 1.561e-37
5.757e-01 1.439e-37
5.936e-01 1.326e-37
6.122e-01 1.222e-37
6.312e-01 1.127e-37
6.509e-01 1.048e-37
6.712e-01 9.755e-38
6.921e-01 9.078e-38
7.137e-01 8.448e-38
7.359e-01 7.862e-38
7.589e-01 7.316e-38
7.825e-01 6.870e-38
8.069e-01 6.494e-38
8.321e-01 6.138e-38
8.580e-01 5.801e-38
8.848e-01 5.483e-38
9.124e-01 5.182e-38
9.408e-01 4.886e-38
9.701e-01 4.543e-38
1.000e+00 4.225e-38
1.032e+00 3.929e-38
1.064e+00 3.654e-38
1.097e+00 3.398e-38
1.131e+00 3.160e-38
1.166e+00 2.992e-38
1.203e+00 2.852e-38
1.240e+00 2.719e-38
1.279e+00 2.592e-38
1.319e+00 2.471e-38
1.360e+00 2.355e-38
1.402e+00 2.239e-38
1.446e+00 2.116e-38
1.491e+00 1.999e-38
1.537e+00 1.889e-38
1.585e+00 1.785e-38
1.635e+00 1.686e-38
1.686e+00 1.593e-38
1.738e+00 1.514e-38
1.792e+00 1.439e-38
1.848e+00 1.368e-38
1.906e+00 1.301e-38
1.965e+00 1.236e-38
2.027e+00 1.175e-38
2.090e+00 1.140e-38
2.155e+00 1.135e-38
2.222e+00 1.129e-38
2.291e+00 1.124e-38
2.363e+00 1.118e-38
2.436e+00 1.113e-38
2.512e+00 1.108e-38
2.591e+00 1.107e-38
2.672e+00 1.106e-38
2.755e+00 1.105e-38
2.841e+00 1.104e-38
2.929e+00 1.103e-38
3.021e+00 1.102e-38
3.115e+00 1.086e-38
3.212e+00 1.059e-38
3.312e+00 1.032e-38
3.415e+00 1.006e-38
3.522e+00 9.813e-39
3.631e+00 9.569e-39
3.745e+00 9.378e-39
3.861e+00 9.469e-39
3.982e+00 9.560e-39
4.106e+00 9.652e-39
4.234e+00 9.745e-39
4.366e+00 9.839e-39
4.502e+00 9.934e-39
4.642e+00 1.017e-38
4.787e+00 1.046e-38
4.936e+00 1.077e-38
5.090e+00 1.108e-38
5.249e+00 1.141e-38
5.412e+00 1.174e-38
5.581e+00 1.212e-38
5.755e+00 1.261e-38
5.934e+00 1.312e-38
6.119e+00 1.365e-38
6.310e+00 1.420e-38
6.507e+00 1.477e-38
6.710e+00 1.537e-38
6.919e+00 1.578e-38
7.134e+00 1.618e-38
7.357e+00 1.658e-38
7.586e+00 1.699e-38
7.823e+00 1.742e-38
8.066e+00 1.785e-38
8.318e+00 1.826e-38
8.577e+00 1.864e-38
8.845e+00 1.902e-38
9.120e+00 1.941e-38
9.405e+00 1.981e-38
9.698e+00 2.021e-38
1.000e+01 2.063e-38
