# DM Mass [GeV] Xsec [cm^2]
7.097e-05 1.352e-10
7.311e-05 6.450e-11
7.531e-05 3.076e-11
7.758e-05 1.467e-11
7.992e-05 6.996e-12
8.234e-05 3.336e-12
8.482e-05 1.591e-12
8.738e-05 8.462e-13
9.001e-05 5.283e-13
9.273e-05 3.298e-13
9.552e-05 2.059e-13
9.840e-05 1.286e-13
1.014e-04 8.026e-14
1.044e-04 5.010e-14
1.076e-04 3.401e-14
1.108e-04 2.355e-14
1.142e-04 1.630e-14
1.176e-04 1.128e-14
1.212e-04 7.812e-15
1.248e-04 5.408e-15
1.286e-04 3.785e-15
1.325e-04 2.758e-15
1.364e-04 2.009e-15
1.406e-04 1.464e-15
1.448e-04 1.066e-15
1.492e-04 7.769e-16
1.537e-04 5.660e-16
1.583e-04 4.173e-16
1.631e-04 3.099e-16
1.680e-04 2.301e-16
1.731e-04 1.709e-16
1.783e-04 1.269e-16
1.837e-04 9.423e-17
1.892e-04 7.001e-17
1.949e-04 5.297e-17
2.008e-04 4.007e-17
2.068e-04 3.032e-17
2.131e-04 2.294e-17
2.195e-04 1.735e-17
2.261e-04 1.313e-17
2.329e-04 9.983e-18
2.400e-04 7.642e-18
2.472e-04 5.851e-18
2.547e-04 4.479e-18
2.623e-04 3.429e-18
2.703e-04 2.625e-18
2.784e-04 2.010e-18
2.868e-04 1.547e-18
2.955e-04 1.192e-18
3.044e-04 9.185e-19
3.135e-04 7.078e-19
3.230e-04 5.454e-19
3.327e-04 4.203e-19
3.428e-04 3.242e-19
3.531e-04 2.509e-19
3.638e-04 1.941e-19
3.747e-04 1.502e-19
3.860e-04 1.163e-19
3.977e-04 8.997e-20
4.097e-04 6.963e-20
4.220e-04 5.408e-20
4.348e-04 4.208e-20
4.479e-04 3.275e-20
4.614e-04 2.548e-20
4.753e-04 1.983e-20
4.896e-04 1.543e-20
5.044e-04 1.201e-20
5.196e-04 9.352e-21
5.353e-04 7.283e-21
5.514e-04 5.672e-21
5.680e-04 4.417e-21
5.852e-04 3.440e-21
6.028e-04 2.679e-21
6.210e-04 2.091e-21
6.397e-04 1.636e-21
6.590e-04 1.280e-21
6.789e-04 1.002e-21
6.994e-04 7.841e-22
7.205e-04 6.136e-22
7.422e-04 4.801e-22
7.646e-04 3.761e-22
7.877e-04 2.947e-22
8.114e-04 2.309e-22
8.359e-04 1.809e-22
8.611e-04 1.417e-22
8.871e-04 1.110e-22
9.138e-04 8.696e-23
9.414e-04 6.805e-23
9.698e-04 5.325e-23
9.990e-04 4.167e-23
1.029e-03 3.260e-23
1.060e-03 2.551e-23
1.092e-03 1.996e-23
1.125e-03 1.562e-23
1.159e-03 1.222e-23
1.194e-03 9.563e-24
1.230e-03 7.483e-24
1.267e-03 5.855e-24
1.305e-03 4.581e-24
1.345e-03 3.584e-24
1.385e-03 2.797e-24
1.427e-03 2.184e-24
1.470e-03 1.704e-24
1.514e-03 1.330e-24
1.560e-03 1.039e-24
1.607e-03 8.107e-25
1.656e-03 6.353e-25
1.706e-03 4.999e-25
1.757e-03 3.934e-25
1.810e-03 3.096e-25
1.865e-03 2.436e-25
1.921e-03 1.917e-25
1.979e-03 1.509e-25
2.038e-03 1.184e-25
2.100e-03 9.288e-26
2.163e-03 7.285e-26
2.228e-03 5.715e-26
2.296e-03 4.483e-26
2.365e-03 3.517e-26
2.436e-03 2.765e-26
2.510e-03 2.186e-26
2.585e-03 1.728e-26
2.663e-03 1.366e-26
2.744e-03 1.080e-26
2.826e-03 8.542e-27
2.912e-03 6.754e-27
2.999e-03 5.368e-27
3.090e-03 4.277e-27
3.183e-03 3.407e-27
3.279e-03 2.715e-27
3.378e-03 2.163e-27
3.480e-03 1.723e-27
3.585e-03 1.374e-27
3.693e-03 1.101e-27
3.804e-03 8.817e-28
3.919e-03 7.064e-28
4.037e-03 5.659e-28
4.159e-03 4.534e-28
4.284e-03 3.633e-28
4.414e-03 2.917e-28
4.547e-03 2.348e-28
4.684e-03 1.890e-28
4.825e-03 1.521e-28
4.971e-03 1.224e-28
5.121e-03 9.854e-29
5.275e-03 7.931e-29
5.434e-03 6.424e-29
5.598e-03 5.207e-29
5.767e-03 4.220e-29
5.941e-03 3.420e-29
6.120e-03 2.772e-29
6.305e-03 2.247e-29
6.495e-03 1.824e-29
6.691e-03 1.486e-29
6.892e-03 1.210e-29
7.100e-03 9.859e-30
7.314e-03 8.031e-30
7.535e-03 6.542e-30
7.762e-03 5.329e-30
7.996e-03 4.358e-30
8.238e-03 3.569e-30
8.486e-03 2.923e-30
8.742e-03 2.394e-30
9.006e-03 1.960e-30
9.277e-03 1.606e-30
9.557e-03 1.316e-30
9.845e-03 1.083e-30
1.014e-02 8.916e-31
1.045e-02 7.340e-31
1.076e-02 6.042e-31
1.109e-02 4.974e-31
1.142e-02 4.095e-31
1.177e-02 3.385e-31
1.212e-02 2.809e-31
1.249e-02 2.331e-31
1.286e-02 1.934e-31
1.325e-02 1.605e-31
1.365e-02 1.332e-31
1.406e-02 1.105e-31
1.449e-02 9.293e-32
1.492e-02 7.820e-32
1.537e-02 6.580e-32
1.584e-02 5.537e-32
1.632e-02 4.659e-32
1.681e-02 3.921e-32
1.731e-02 3.318e-32
1.784e-02 2.840e-32
1.837e-02 2.431e-32
1.893e-02 2.081e-32
1.950e-02 1.782e-32
2.009e-02 1.525e-32
2.069e-02 1.306e-32
2.132e-02 1.134e-32
2.196e-02 9.892e-33
2.262e-02 8.631e-33
2.331e-02 7.532e-33
2.401e-02 6.572e-33
2.473e-02 5.735e-33
2.548e-02 5.006e-33
2.625e-02 4.380e-33
2.704e-02 3.833e-33
2.785e-02 3.354e-33
2.869e-02 2.934e-33
2.956e-02 2.370e-33
3.045e-02 1.800e-33
3.137e-02 1.367e-33
3.232e-02 1.038e-33
3.329e-02 7.400e-34
3.429e-02 4.392e-34
3.533e-02 2.606e-34
3.639e-02 1.547e-34
3.749e-02 9.003e-35
3.862e-02 5.133e-35
3.979e-02 2.927e-35
4.099e-02 1.913e-35
4.222e-02 1.254e-35
4.350e-02 8.217e-36
4.481e-02 5.386e-36
4.616e-02 3.530e-36
4.755e-02 2.314e-36
4.899e-02 1.581e-36
5.046e-02 1.173e-36
5.199e-02 8.697e-37
5.355e-02 6.450e-37
5.517e-02 4.784e-37
5.683e-02 3.548e-37
5.855e-02 2.631e-37
6.031e-02 2.068e-37
6.213e-02 1.667e-37
6.401e-02 1.344e-37
6.594e-02 1.083e-37
6.792e-02 8.734e-38
6.997e-02 7.041e-38
7.208e-02 5.653e-38
7.426e-02 4.229e-38
7.650e-02 3.164e-38
7.880e-02 2.367e-38
8.118e-02 1.771e-38
8.363e-02 1.325e-38
8.615e-02 9.911e-39
8.875e-02 7.640e-39
9.143e-02 6.147e-39
9.418e-02 4.945e-39
9.702e-02 3.979e-39
9.995e-02 3.201e-39
1.030e-01 2.576e-39
1.061e-01 2.072e-39
1.093e-01 1.729e-39
1.126e-01 1.459e-39
1.160e-01 1.230e-39
1.195e-01 1.038e-39
1.231e-01 8.754e-40
1.268e-01 7.384e-40
1.306e-01 6.267e-40
1.345e-01 5.550e-40
1.386e-01 4.914e-40
1.428e-01 4.352e-40
1.471e-01 3.853e-40
1.515e-01 3.412e-40
1.561e-01 3.022e-40
1.608e-01 2.709e-40
1.656e-01 2.461e-40
1.706e-01 2.236e-40
1.758e-01 2.032e-40
1.811e-01 1.846e-40
1.865e-01 1.677e-40
1.922e-01 1.524e-40
1.980e-01 1.392e-40
2.039e-01 1.273e-40
2.101e-01 1.164e-40
2.164e-01 1.065e-40
2.230e-01 9.735e-41
2.297e-01 8.903e-41
2.366e-01 8.123e-41
2.437e-01 7.345e-41
2.511e-01 6.641e-41
2.587e-01 6.005e-41
2.665e-01 5.430e-41
2.745e-01 4.909e-41
2.828e-01 4.439e-41
2.913e-01 3.838e-41
3.001e-01 3.202e-41
3.091e-01 2.672e-41
3.185e-01 2.229e-41
3.281e-01 1.860e-41
3.380e-01 1.552e-41
3.482e-01 1.295e-41
3.587e-01 1.103e-41
3.695e-01 9.419e-42
3.806e-01 8.041e-42
3.921e-01 6.865e-42
4.039e-01 5.861e-42
4.161e-01 5.003e-42
4.287e-01 4.286e-42
4.416e-01 3.706e-42
4.549e-01 3.204e-42
4.686e-01 2.770e-42
4.828e-01 2.395e-42
4.973e-01 2.071e-42
5.123e-01 1.790e-42
5.278e-01 1.600e-42
5.437e-01 1.458e-42
5.601e-01 1.328e-42
5.770e-01 1.210e-42
5.944e-01 1.102e-42
6.123e-01 1.004e-42
6.308e-01 9.149e-43
6.498e-01 8.200e-43
6.694e-01 7.348e-43
6.896e-01 6.585e-43
7.104e-01 5.900e-43
7.318e-01 5.287e-43
7.539e-01 4.738e-43
7.766e-01 4.291e-43
8.000e-01 3.963e-43
8.242e-01 3.660e-43
8.490e-01 3.380e-43
8.746e-01 3.122e-43
9.010e-01 2.883e-43
9.282e-01 2.663e-43
9.562e-01 2.422e-43
9.850e-01 2.188e-43
1.015e+00 1.977e-43
1.045e+00 1.786e-43
1.077e+00 1.614e-43
1.109e+00 1.458e-43
1.143e+00 1.319e-43
1.177e+00 1.224e-43
1.213e+00 1.136e-43
1.249e+00 1.054e-43
1.287e+00 9.777e-44
1.326e+00 9.072e-44
1.366e+00 8.417e-44
1.407e+00 7.782e-44
1.449e+00 7.161e-44
1.493e+00 6.589e-44
1.538e+00 6.063e-44
1.585e+00 5.578e-44
1.632e+00 5.133e-44
1.682e+00 4.723e-44
1.732e+00 4.558e-44
1.785e+00 4.460e-44
1.838e+00 4.363e-44
1.894e+00 4.269e-44
1.951e+00 4.177e-44
2.010e+00 4.086e-44
2.070e+00 3.981e-44
2.133e+00 3.775e-44
2.197e+00 3.579e-44
2.263e+00 3.394e-44
2.332e+00 3.218e-44
2.402e+00 3.052e-44
2.474e+00 2.894e-44
2.549e+00 2.759e-44
2.626e+00 2.644e-44
2.705e+00 2.534e-44
2.787e+00 2.428e-44
2.871e+00 2.327e-44
2.957e+00 2.230e-44
3.047e+00 2.137e-44
3.138e+00 2.090e-44
3.233e+00 2.050e-44
3.331e+00 2.012e-44
3.431e+00 1.974e-44
3.535e+00 1.937e-44
3.641e+00 1.900e-44
3.751e+00 1.877e-44
3.864e+00 1.898e-44
3.981e+00 1.920e-44
4.101e+00 1.941e-44
4.224e+00 1.963e-44
4.352e+00 1.986e-44
4.483e+00 2.008e-44
4.618e+00 2.040e-44
4.758e+00 2.080e-44
4.901e+00 2.121e-44
5.049e+00 2.162e-44
5.201e+00 2.205e-44
5.358e+00 2.248e-44
5.520e+00 2.292e-44
5.686e+00 2.305e-44
5.858e+00 2.316e-44
6.034e+00 2.327e-44
6.216e+00 2.338e-44
6.404e+00 2.349e-44
6.597e+00 2.360e-44
6.796e+00 2.386e-44
7.001e+00 2.451e-44
7.212e+00 2.519e-44
7.429e+00 2.588e-44
7.653e+00 2.659e-44
7.884e+00 2.732e-44
8.122e+00 2.807e-44
8.367e+00 2.887e-44
8.619e+00 2.971e-44
8.879e+00 3.058e-44
9.147e+00 3.147e-44
9.423e+00 3.239e-44
9.707e+00 3.333e-44
1.000e+01 3.430e-44
