1.00000e-03 inf
1.21819e-03 inf
1.48398e-03 inf
1.80777e-03 inf
2.20220e-03 inf
2.68270e-03 inf
3.26803e-03 inf
3.98107e-03 inf
4.84969e-03 inf
5.90784e-03 inf
7.19686e-03 inf
8.76712e-03 inf
1.06800e-02 inf
1.30103e-02 inf
1.58489e-02 inf
1.93070e-02 inf
2.35195e-02 inf
2.86512e-02 inf
3.49025e-02 4.57240e-29
4.25179e-02 1.01794e-30
5.17947e-02 1.52885e-31
6.30957e-02 4.61344e-32
7.68625e-02 2.12470e-32
9.36329e-02 1.33147e-32
1.14062e-01 9.99821e-33
1.38950e-01 8.68910e-33
1.69267e-01 8.21558e-33
2.06199e-01 8.25736e-33
2.51189e-01 8.54810e-33
3.05995e-01 9.00879e-33
3.72759e-01 9.54632e-33
4.54091e-01 1.01187e-32
5.53168e-01 1.06393e-32
6.73863e-01 1.10757e-32
8.20891e-01 1.13862e-32
1.00000e+00 1.15461e-32
