3.00000e-05 inf
3.47395e-05 inf
4.02278e-05 inf
4.65831e-05 inf
5.39425e-05 inf
6.24646e-05 inf
7.23330e-05 8.70942e-14
8.37604e-05 2.65890e-15
9.69932e-05 2.18954e-16
1.12317e-04 2.83421e-17
1.30061e-04 5.13311e-18
1.50608e-04 1.06831e-18
1.74402e-04 2.40014e-19
2.01955e-04 5.83132e-20
2.33860e-04 1.48920e-20
2.70806e-04 3.98259e-21
3.13590e-04 1.08803e-21
3.63132e-04 3.07495e-22
4.20501e-04 8.67549e-23
4.86933e-04 2.55328e-23
5.63860e-04 7.49059e-24
6.52941e-04 2.27819e-24
7.56095e-04 6.86787e-25
8.75546e-04 2.10572e-25
1.01387e-03 6.56895e-26
1.17404e-03 2.04568e-26
1.35952e-03 6.49020e-27
1.57431e-03 2.05869e-27
1.82302e-03 6.51138e-28
2.11103e-03 2.11881e-28
2.44454e-03 6.99969e-29
2.83074e-03 2.30058e-29
3.27795e-03 7.74551e-30
3.79581e-03 2.66985e-30
4.39549e-03 9.42820e-31
5.08990e-03 3.32848e-31
5.89402e-03 1.20325e-31
6.82518e-03 4.43762e-32
7.90345e-03 1.65902e-32
9.15207e-03 6.26409e-33
1.05980e-02 2.44457e-33
1.22723e-02 9.78525e-34
1.42111e-02 4.08816e-34
1.64562e-02 1.80029e-34
1.90560e-02 8.42309e-35
2.20666e-02 4.23721e-35
2.55527e-02 2.32129e-35
2.95896e-02 1.34923e-35
3.42643e-02 3.98846e-36
3.96775e-02 6.18130e-37
4.59459e-02 1.02168e-37
5.32047e-02 2.29477e-38
6.16101e-02 6.81646e-39
7.13435e-02 2.36986e-39
8.26147e-02 7.96570e-40
9.56665e-02 3.35897e-40
1.10780e-01 1.98339e-40
1.28282e-01 1.06901e-40
1.48548e-01 6.27514e-41
1.72016e-01 4.08497e-41
1.99192e-01 2.88370e-41
2.30661e-01 1.70299e-41
2.67102e-01 1.30412e-41
3.09300e-01 8.14913e-42
3.58164e-01 6.44333e-42
4.14749e-01 4.90457e-42
4.80272e-01 4.12380e-42
5.56147e-01 3.39961e-42
6.44010e-01 2.82380e-42
7.45753e-01 2.41385e-42
8.63570e-01 2.02586e-42
1.00000e+00 1.84762e-42
