3.00000e-04 inf
3.78247e-04 inf
4.76901e-04 inf
6.01288e-04 5.87797e-31
7.58117e-04 2.20001e-32
9.55850e-04 3.42000e-33
1.20516e-03 1.01025e-33
1.51949e-03 4.23036e-34
1.91580e-03 2.06968e-34
2.41549e-03 1.15852e-34
3.04550e-03 6.94143e-35
3.83983e-03 4.67081e-35
4.84134e-03 3.62419e-35
6.10406e-03 2.98813e-35
7.69614e-03 2.67541e-35
9.70346e-03 2.57674e-35
1.22343e-02 2.60723e-35
1.54253e-02 2.76804e-35
1.94486e-02 3.09591e-35
2.45212e-02 3.45822e-35
3.09168e-02 4.04893e-35
3.89806e-02 4.78375e-35
4.91476e-02 5.72265e-35
6.19663e-02 6.90131e-35
7.81285e-02 8.52666e-35
9.85061e-02 1.03913e-34
1.24199e-01 1.29834e-34
1.56592e-01 1.60200e-34
1.97435e-01 2.01203e-34
2.48930e-01 2.46312e-34
3.13857e-01 3.11280e-34
3.95718e-01 3.84578e-34
4.98929e-01 4.89194e-34
6.29061e-01 6.13172e-34
7.93134e-01 7.63884e-34
1.00000e+00 9.62044e-34
