1.00000e-06 inf
1.25485e-06 inf
1.57465e-06 inf
1.97594e-06 inf
2.47951e-06 inf
3.11141e-06 inf
3.90435e-06 inf
4.89938e-06 inf
6.14798e-06 inf
7.71479e-06 inf
9.68089e-06 inf
1.21481e-05 inf
1.52440e-05 inf
1.91289e-05 inf
2.40039e-05 8.36350e-24
3.01213e-05 5.74987e-28
3.77976e-05 6.67058e-29
4.74304e-05 1.99242e-30
5.95179e-05 5.31842e-31
7.46860e-05 2.89264e-31
9.37197e-05 2.10455e-31
1.17604e-04 1.89697e-31
1.47575e-04 1.96583e-31
1.85185e-04 2.30624e-31
2.32379e-04 2.69300e-31
2.91601e-04 3.34466e-31
3.65915e-04 4.40285e-31
4.59168e-04 5.82900e-31
5.76187e-04 7.53147e-31
7.23028e-04 9.97303e-31
9.07291e-04 1.30050e-30
1.13851e-03 1.64964e-30
1.42866e-03 2.25937e-30
1.79276e-03 2.72218e-30
2.24964e-03 3.52136e-30
2.82296e-03 4.32126e-30
3.54239e-03 5.48822e-30
4.44516e-03 6.46661e-30
5.57800e-03 8.28821e-30
6.99955e-03 1.05252e-29
8.78339e-03 1.22387e-29
1.10218e-02 1.54674e-29
1.38307e-02 1.90521e-29
1.73555e-02 2.24255e-29
2.17785e-02 2.77918e-29
2.73287e-02 3.26260e-29
3.42935e-02 2.70475e-29
4.30331e-02 2.06543e-29
5.40001e-02 1.76451e-29
6.77620e-02 1.32649e-29
8.50310e-02 9.63107e-30
1.06701e-01 6.05022e-30
1.33894e-01 4.81174e-30
1.68017e-01 4.23388e-30
2.10835e-01 3.55616e-30
2.64567e-01 3.13227e-30
3.31991e-01 3.02361e-30
4.16599e-01 2.63329e-30
5.22769e-01 2.31515e-30
6.55996e-01 1.98374e-30
8.23176e-01 1.53965e-30
1.03296e+00 1.25349e-30
1.29621e+00 9.69048e-31
1.62655e+00 6.85137e-31
2.04108e+00 4.53136e-31
2.56124e+00 3.12203e-31
3.21397e+00 1.95910e-31
4.03305e+00 1.28608e-31
5.06087e+00 7.63532e-32
6.35063e+00 2.74579e-32
7.96908e+00 9.46899e-33
1.00000e+01 4.05460e-33
