1.00000e-02 6.82674e-27
1.22168e-02 5.74875e-28
1.49250e-02 5.46253e-29
1.82335e-02 8.86934e-30
2.22754e-02 1.19443e-30
2.72134e-02 2.12962e-31
3.32460e-02 4.35632e-32
4.06159e-02 2.14146e-33
4.96195e-02 2.13015e-34
6.06190e-02 4.65487e-35
7.40568e-02 1.62077e-35
9.04736e-02 7.66759e-36
1.10530e-01 2.94720e-36
1.35031e-01 1.16804e-36
1.64965e-01 6.58039e-37
2.01534e-01 5.05558e-37
2.46209e-01 3.68539e-37
3.00788e-01 3.32133e-37
3.67466e-01 2.56420e-37
4.48925e-01 2.26774e-37
5.48442e-01 1.87015e-37
6.70019e-01 1.37862e-37
8.18547e-01 1.06004e-37
1.00000e+00 8.64480e-38
