1.00000e-03 7.61204e-25
1.21819e-03 1.63369e-25
1.48398e-03 3.47419e-26
1.80777e-03 7.43872e-27
2.20220e-03 1.62075e-27
2.68270e-03 3.66777e-28
3.26803e-03 8.38353e-29
3.98107e-03 2.00102e-29
4.84969e-03 4.95552e-30
5.90784e-03 1.24259e-30
7.19686e-03 3.22847e-31
8.76712e-03 8.70654e-32
1.06800e-02 2.42685e-32
1.30103e-02 7.20406e-33
1.58489e-02 2.28805e-33
1.93070e-02 8.08790e-34
2.35195e-02 3.33598e-34
2.86512e-02 1.55976e-34
3.49025e-02 3.91804e-35
4.25179e-02 4.73077e-36
5.17947e-02 6.51460e-37
6.30957e-02 1.39332e-37
7.68625e-02 3.19680e-38
9.36329e-02 1.08143e-38
1.14062e-01 4.78898e-39
1.38950e-01 2.31232e-39
1.69267e-01 1.14895e-39
2.06199e-01 7.46152e-40
2.51189e-01 4.58419e-40
3.05995e-01 3.26486e-40
3.72759e-01 2.47287e-40
4.54091e-01 1.92642e-40
5.53168e-01 1.52990e-40
6.73863e-01 1.23910e-40
8.20891e-01 1.02789e-40
1.00000e+00 8.70040e-41
