1.00000e-03 inf
1.21819e-03 inf
1.48398e-03 6.35504e-32
1.80777e-03 3.85338e-34
2.20220e-03 3.78633e-35
2.68270e-03 8.10842e-36
3.26803e-03 2.74978e-36
3.98107e-03 1.40411e-36
4.84969e-03 8.56632e-37
5.90784e-03 6.17138e-37
7.19686e-03 4.89076e-37
8.76712e-03 4.19477e-37
1.06800e-02 3.79596e-37
1.30103e-02 3.68168e-37
1.58489e-02 3.67681e-37
1.93070e-02 3.73923e-37
2.35195e-02 3.96881e-37
2.86512e-02 4.46488e-37
3.49025e-02 4.78614e-37
4.25179e-02 5.48635e-37
5.17947e-02 6.32990e-37
6.30957e-02 7.46266e-37
7.68625e-02 8.56214e-37
9.36329e-02 1.01648e-36
1.14062e-01 1.19874e-36
1.38950e-01 1.42859e-36
1.69267e-01 1.69316e-36
2.06199e-01 2.08288e-36
2.51189e-01 2.52280e-36
3.05995e-01 3.00072e-36
3.72759e-01 3.69053e-36
4.54091e-01 4.34472e-36
5.53168e-01 5.35544e-36
6.73863e-01 6.45886e-36
8.20891e-01 7.61940e-36
1.00000e+00 9.57404e-36
