1.00000e-03 inf
1.21819e-03 inf
1.48398e-03 4.41791e-32
1.80777e-03 5.86637e-34
2.20220e-03 9.03336e-35
2.68270e-03 2.75880e-35
3.26803e-03 1.26339e-35
3.98107e-03 7.47586e-36
4.84969e-03 5.20193e-36
5.90784e-03 4.21581e-36
7.19686e-03 3.75907e-36
8.76712e-03 3.67178e-36
1.06800e-02 3.63740e-36
1.30103e-02 3.84454e-36
1.58489e-02 4.15002e-36
1.93070e-02 4.56999e-36
2.35195e-02 5.13396e-36
2.86512e-02 5.79749e-36
3.49025e-02 6.75371e-36
4.25179e-02 7.83448e-36
5.17947e-02 9.49922e-36
6.30957e-02 1.14234e-35
7.68625e-02 1.31868e-35
9.36329e-02 1.56780e-35
1.14062e-01 1.95099e-35
1.38950e-01 2.32198e-35
1.69267e-01 2.78585e-35
2.06199e-01 3.39429e-35
2.51189e-01 4.04763e-35
3.05995e-01 4.83343e-35
3.72759e-01 5.96631e-35
4.54091e-01 7.26987e-35
5.53168e-01 8.62655e-35
6.73863e-01 1.07175e-34
8.20891e-01 1.30218e-34
1.00000e+00 1.55779e-34
