1.00000e-01 inf
1.21819e-01 inf
1.48398e-01 inf
1.80777e-01 inf
2.20220e-01 inf
2.68270e-01 9.58490e-37
3.26803e-01 1.70052e-37
3.98107e-01 4.46989e-38
4.84969e-01 1.17016e-38
5.90784e-01 1.85847e-39
7.19686e-01 5.04876e-40
8.76712e-01 2.03433e-40
1.06800e+00 9.54464e-41
1.30103e+00 3.56024e-41
1.58489e+00 1.23075e-41
1.93070e+00 4.89890e-42
2.35195e+00 2.75422e-42
2.86512e+00 1.75441e-42
3.49025e+00 1.22703e-42
4.25179e+00 9.15062e-43
5.17947e+00 7.16308e-43
6.30957e+00 5.82131e-43
7.68625e+00 4.87079e-43
9.36329e+00 4.17370e-43
1.14062e+01 3.64964e-43
1.38950e+01 3.26388e-43
1.69267e+01 2.95784e-43
2.06199e+01 2.74824e-43
2.51189e+01 2.61285e-43
3.05995e+01 2.54257e-43
3.72759e+01 2.53382e-43
4.54091e+01 2.58633e-43
5.53168e+01 2.70875e-43
6.73863e+01 2.90940e-43
8.20891e+01 3.19716e-43
1.00000e+02 3.58414e-43
