3.00000e-05 inf
3.47395e-05 inf
4.02278e-05 inf
4.65831e-05 2.53975e-19
5.39425e-05 5.08321e-21
6.24646e-05 6.35125e-22
7.23330e-05 1.43594e-22
8.37604e-05 4.37496e-23
9.69932e-05 1.59918e-23
1.12317e-04 6.60225e-24
1.30061e-04 2.99316e-24
1.50608e-04 1.43842e-24
1.74402e-04 7.34784e-25
2.01955e-04 3.92126e-25
2.33860e-04 1.55368e-27
2.70806e-04 2.12811e-28
3.13590e-04 6.64895e-29
3.63132e-04 3.05256e-29
4.20501e-04 1.76160e-29
4.86933e-04 1.16989e-29
5.63860e-04 8.47301e-30
6.52941e-04 6.57785e-30
7.56095e-04 5.26288e-30
8.75546e-04 4.32352e-30
1.01387e-03 3.61271e-30
1.17404e-03 3.03236e-30
1.35952e-03 2.57225e-30
1.57431e-03 2.19078e-30
1.82302e-03 1.86458e-30
2.11103e-03 1.59024e-30
2.44454e-03 1.36251e-30
2.83074e-03 1.17067e-30
3.27795e-03 1.00640e-30
3.79581e-03 8.64855e-31
4.39549e-03 7.41691e-31
5.08990e-03 6.41413e-31
5.89402e-03 5.48986e-31
6.82518e-03 4.71098e-31
7.90345e-03 4.04859e-31
9.15207e-03 3.48210e-31
1.05980e-02 3.00594e-31
1.22723e-02 2.61888e-31
1.42111e-02 2.30680e-31
1.64562e-02 2.07650e-31
1.90560e-02 1.91136e-31
2.20666e-02 1.82614e-31
2.55527e-02 1.80882e-31
2.95896e-02 1.84457e-31
3.42643e-02 9.89038e-32
3.96775e-02 2.63222e-32
4.59459e-02 7.47262e-33
5.32047e-02 2.48067e-33
6.16101e-02 9.50048e-34
7.13435e-02 4.39326e-34
8.26147e-02 2.11839e-34
9.56665e-02 1.17221e-34
1.10780e-01 8.34594e-35
1.28282e-01 5.79460e-35
1.48548e-01 4.54568e-35
1.72016e-01 3.59121e-35
1.99192e-01 3.12305e-35
2.30661e-01 2.94108e-35
2.67102e-01 2.42439e-35
3.09300e-01 2.50079e-35
3.58164e-01 2.40700e-35
4.14749e-01 2.44809e-35
4.80272e-01 2.49342e-35
5.56147e-01 2.52458e-35
6.44010e-01 2.56274e-35
7.45753e-01 2.61393e-35
8.63570e-01 2.62903e-35
1.00000e+00 2.63245e-35
