1.00000e-03 inf
1.21819e-03 inf
1.48398e-03 6.34519e-33
1.80777e-03 1.21255e-34
2.20220e-03 1.58849e-35
2.68270e-03 5.27934e-36
3.26803e-03 2.54664e-36
3.98107e-03 1.46346e-36
4.84969e-03 1.08559e-36
5.90784e-03 8.82283e-37
7.19686e-03 7.73880e-37
8.76712e-03 7.64809e-37
1.06800e-02 7.92718e-37
1.30103e-02 8.16328e-37
1.58489e-02 8.86137e-37
1.93070e-02 9.85911e-37
2.35195e-02 1.10198e-36
2.86512e-02 1.26253e-36
3.49025e-02 1.46389e-36
4.25179e-02 1.68103e-36
5.17947e-02 2.02428e-36
6.30957e-02 2.40039e-36
7.68625e-02 2.86744e-36
9.36329e-02 3.46287e-36
1.14062e-01 4.09211e-36
1.38950e-01 4.95033e-36
1.69267e-01 6.00384e-36
2.06199e-01 7.32567e-36
2.51189e-01 8.53295e-36
3.05995e-01 1.02688e-35
3.72759e-01 1.27520e-35
4.54091e-01 1.61581e-35
5.53168e-01 1.83061e-35
6.73863e-01 2.25400e-35
8.20891e-01 2.76359e-35
1.00000e+00 3.29493e-35
