1.00000e-05 inf
1.21547e-05 inf
1.47738e-05 inf
1.79571e-05 inf
2.18264e-05 inf
2.65295e-05 inf
3.22459e-05 inf
3.91941e-05 inf
4.76394e-05 inf
5.79044e-05 inf
7.03814e-05 inf
8.55467e-05 inf
1.03980e-04 inf
1.26385e-04 inf
1.53617e-04 inf
1.86718e-04 1.37426e-01
2.26951e-04 3.07227e-04
2.75853e-04 5.86017e-06
3.35292e-04 2.18365e-07
4.07539e-04 1.15241e-08
4.95354e-04 7.43015e-10
6.02089e-04 5.55232e-11
7.31824e-04 4.54561e-12
8.89513e-04 3.97802e-13
1.08118e-03 3.65629e-14
1.31415e-03 3.42815e-15
1.59731e-03 3.28671e-16
1.94149e-03 3.21703e-17
2.35983e-03 3.12076e-18
2.86832e-03 2.93638e-19
3.48637e-03 2.71887e-20
4.23759e-03 2.43588e-21
5.15068e-03 2.11758e-22
6.26052e-03 1.80016e-23
7.60950e-03 1.51475e-24
9.24915e-03 1.26222e-25
1.12421e-02 1.09096e-26
1.36645e-02 1.00615e-27
1.66088e-02 1.05467e-28
2.01876e-02 1.38738e-29
2.45375e-02 2.19117e-30
2.98247e-02 4.24494e-31
3.62512e-02 4.04820e-32
4.40624e-02 3.12678e-33
5.35567e-02 4.89430e-34
6.50968e-02 1.30520e-34
7.91234e-02 5.31675e-35
9.61725e-02 2.62438e-35
1.16895e-01 1.14703e-35
1.42083e-01 4.53782e-36
1.72698e-01 2.51819e-36
2.09910e-01 2.36470e-36
2.55141e-01 1.58227e-36
3.10117e-01 1.51389e-36
3.76939e-01 1.36522e-36
4.58160e-01 1.12457e-36
5.56881e-01 9.61148e-37
6.76875e-01 7.32327e-37
8.22724e-01 6.71789e-37
1.00000e+00 5.11279e-37
