1.659
1.571
2.132
1.551
6.204
1.932
3.379
3.243
1.914
1.954
1.950
2.166
3.146
1.839
1.945
2.328
2.433
2.532
1.694
1.946
1.691
1.805
1.893
1.959
1.978
1.713
1.898
1.873
1.591
1.784
1.713
3.291
1.822
1.817
2.665
1.841
1.539
1.755
1.751
1.746
1.913
2.314
3.214
1.982
1.847
1.786
1.801
1.956
2.185
1.659
1.725
1.863
1.798
1.654
3.081
1.759
2.486
1.855
1.858
2.166
1.715
1.639
1.776
1.670
2.007
1.708
2.995
2.470
1.999
2.292
2.933
2.382
1.854
1.863
3.815
2.571
3.633
2.355
30.198
1.810
2.156
1.811
1.894
2.320
1.678
1.993
1.693
2.139
1.682
2.037
2.600
1.561
2.115
1.724
2.050
1.786
1.957
1.785
1.653
1.817
3.064
1.904
2.542
2.289
1.883
1.679
1.987
1.802
3.889
2.696
1.857
2.098
1.956
2.079
2.659
2.112
2.544
2.004
2.273
1.615
1.869
2.397
1.927
1.764
1.644
1.733
2.462
2.598
2.454
2.035
1.698
1.971
1.813
2.578
1.969
2.150
2.030
1.840
2.306
1.650
1.704
2.008
1.953
1.686
2.217
2.222
1.616
2.043
1.789
2.084
1.783
1.835
1.696
1.732
2.864
1.822
6.448
2.076
1.782
2.098
3.149
2.984
2.295
2.063
1.677
1.673
1.655
1.829
1.990
1.742
1.867
1.623
1.619
2.347
2.530
2.065
2.666
2.781
2.343
1.667
1.816
1.824
3.028
1.877
1.867
1.731
1.706
1.729
2.580
1.711
34.199
2.018
2.034
3.269
1.609
1.664
1.725
3.566
2.671
1.712
2.200
2.177
1.918
1.798
2.442
2.316
1.824
1.815
1.833
1.541
2.445
2.883
1.636
1.785
2.517
1.946
1.823
1.696
1.774
1.693
2.570
1.919
2.955
1.645
1.788
1.714
1.782
2.045
2.322
1.700
2.570
2.116
1.573
2.379
1.791
1.845
1.870
2.281
2.333
1.848
1.889
1.655
1.694
1.685
2.365
1.943
1.699
1.784
1.704
1.915
2.407
1.761
1.724
1.754
1.728
1.746
1.844
2.426
1.673
1.819
2.112
1.678
2.595
1.756
1.775
1.778
3.720
1.991
1.563
1.934
1.902
1.981
1.834
1.801
1.840
2.828
1.868
1.840
1.666
1.734
1.760
2.657
2.219
1.676
1.991
2.914
2.709
3.069
2.330
2.302
4.841
1.850
3.587
2.031
2.635
1.720
1.734
2.041
1.605
1.690
2.487
2.358
2.481
1.997
2.389
1.694
2.761
2.415
1.771
1.771
1.730
1.741
1.741
2.930
1.723
1.926
2.083
2.022
1.635
4.374
1.708
2.250
1.724
1.857
1.744
1.722
1.890
1.718
2.036
2.563
4.344
1.892
1.950
1.719
2.219
5.329
1.815
2.124
1.717
1.892
1.572
1.739
1.715
1.817
1.637
1.834
1.692
1.740
2.060
2.081
2.699
1.704
1.733
1.715
2.024
2.588
2.005
1.666
1.792
1.831
3.200
2.815
2.181
1.782
2.055
1.975
2.384
1.871
1.831
2.788
1.816
2.221
3.341
1.724
2.539
2.561
2.567
2.828
2.053
1.890
1.509
2.171
2.805
1.936
1.652
3.034
2.050
1.776
1.885
1.618
1.657
1.860
2.138
1.986
1.937
1.796
1.923
1.596
1.634
1.807
2.027
1.822
1.830
2.301
2.145
1.957
2.294
1.679
2.349
1.987
2.053
2.005
1.829
2.657
1.915
1.775
1.748
2.165
1.680
3.441
1.665
2.318
1.739
2.913
3.214
1.823
1.800
3.077
1.810
2.030
2.073
2.552
2.994
2.414
1.729
2.066
1.736
1.604
2.061
1.670
1.684
2.282
1.747
1.673
1.875
1.696
2.030
1.951
1.703
1.853
1.857
2.283
1.765
1.633
1.798
1.916
1.945
2.372
2.369
1.702
1.734
2.810
1.648
1.656
1.802
2.183
1.800
2.035
2.080
1.917
1.826
1.578
1.848
1.814
1.709
2.122
1.854
1.912
3.349
1.810
2.137
1.905
1.623
1.787
1.720
1.790
2.158
2.115
1.911
4.088
1.686
2.676
1.774
1.821
1.775
2.172
1.961
1.707
1.800
2.518
1.755
2.011
2.230
2.052
1.841
1.700
1.745
1.806
2.629
2.000
2.167
1.706
1.786
2.022
2.374
1.939
2.215
1.849
1.795
1.824
1.711
1.813
1.739
1.861
4.217
1.655
1.673
2.090
1.709
1.845
1.799
2.390
2.360
1.652
1.912
1.898
1.906
1.813
2.214
1.653
1.749
1.841
1.631
2.271
1.660
1.856
1.820
1.780
2.612
1.597
1.700
2.283
1.981
3.123
1.700
1.893
1.818
1.651
1.708
2.040
2.756
1.555
1.680
2.952
2.374
1.768
1.828
1.789
1.792
1.809
2.052
1.976
1.908
2.056
1.693
2.120
1.632
1.795
2.880
1.644
1.635
1.843
1.859
1.791
1.949
2.387
1.793
1.803
1.922
1.830
2.002
1.722
1.698
2.176
2.634
2.264
2.591
2.218
3.202
6.491
1.842
2.059
1.870
2.484
1.830
1.700
1.823
1.772
1.519
1.702
1.687
2.197
1.881
2.377
1.706
1.779
1.771
1.726
2.972
2.611
1.744
1.728
2.209
1.757
1.898
3.436
2.254
1.705
1.833
2.303
2.071
1.961
2.527
1.781
2.147
1.711
1.939
2.450
1.759
1.982
1.712
1.640
1.602
2.793
3.278
1.667
1.866
1.809
1.737
1.714
1.637
2.678
2.227
2.479
2.000
2.092
1.833
2.396
1.792
2.184
1.640
1.636
2.168
1.597
2.195
1.861
1.697
2.165
1.763
2.340
1.711
1.675
1.791
2.061
2.003
1.879
3.010
1.756
1.919
1.647
1.818
2.559
2.409
2.115
1.916
1.856
1.739
2.594
1.812
1.817
3.350
3.191
2.425
3.166
2.245
2.017
1.932
1.662
2.024
1.831
2.201
1.530
3.758
4.023
1.796
2.737
1.704
1.922
2.349
2.096
3.031
1.661
1.735
1.715
1.658
2.058
1.861
1.797
1.790
1.952
2.946
1.766
1.630
2.196
1.899
1.687
1.701
1.725
1.901
2.149
1.813
1.795
2.228
1.660
1.657
26.956
2.487
1.914
1.690
2.158
1.807
1.679
1.753
1.600
2.182
1.890
1.512
2.329
1.761
1.799
2.690
1.748
2.005
1.879
1.696
1.718
2.393
2.085
1.735
1.871
2.082
1.624
1.691
1.705
1.865
2.099
2.860
10.331
2.407
2.130
2.190
2.145
1.746
1.733
2.171
1.912
2.522
1.690
1.645
1.704
1.964
1.988
1.779
1.949
1.680
1.629
1.958
2.513
1.698
1.896
1.655
1.939
1.665
1.706
4.069
1.977
1.983
2.348
2.359
2.038
1.530
2.032
1.543
2.382
1.691
2.156
1.828
3.786
1.862
1.808
2.175
1.634
2.458
1.676
1.952
1.734
1.747
1.759
1.795
2.168
1.802
1.857
1.848
2.713
1.814
1.654
1.690
1.803
1.668
1.693
2.783
2.297
1.679
2.929
1.690
1.662
1.857
2.070
1.630
1.781
2.283
2.396
1.873
2.279
2.431
2.318
5.485
2.005
1.984
2.096
1.917
1.890
1.924
1.864
1.709
1.915
1.672
1.605
1.653
1.882
2.415
1.721
1.715
2.715
1.691
1.909
1.820
1.832
1.766
1.650
1.683
1.888
1.785
2.566
3.026
2.050
3.377
3.053
2.070
2.438
3.039
2.082
2.985
1.733
1.777
2.183
1.655
1.656
1.763
1.964
2.596
3.249
1.900
1.922
2.374
1.810
2.764
1.768
1.911
2.314
2.136
1.878
1.962
4.189
2.404
1.715
1.788
2.801
2.740
1.748
1.826
2.936
1.831
1.991
2.065
1.630
2.069
1.848
2.321
2.162
1.872
2.153
1.917
2.215
2.637
3.076
1.666
1.952
2.686
1.915
5.999
1.693
1.653
2.746
2.888
1.679
1.952
1.724
2.390
1.890
3.481
1.998
1.731
2.122
2.077
2.396
1.815
1.723
1.908
2.288
2.915
1.705
1.826
1.896
3.338
1.963
1.676
1.813
1.818
1.761
1.751
1.834
1.764
2.090
2.099
2.074
1.805
1.964
2.797
1.760
1.852
1.765
1.972
2.193
1.990
1.891
1.803
2.523
2.437
11.401
2.417
2.114
1.830
1.872
2.954
1.788
1.989
1.721
1.798
2.067
1.927
1.629
1.669
1.691
2.174
4.308
2.049
1.804
1.769
1.801
2.274
2.496
2.397
1.762
1.635
2.488
1.790
1.686
1.695
1.778
1.667
2.361
2.093
1.983
2.041
2.895
1.593
2.222
1.708
1.633
1.674
1.785
1.971
1.766
2.029
1.744
1.713
2.694
1.694
2.234
1.744
1.581
1.837
1.997
1.968
1.701
2.702
2.180
1.712
1.985
2.281
2.613
1.658
2.020
1.693
1.674
2.651
1.738
1.979
1.771
1.978
1.648
2.341
1.786
1.958
2.618
5.034
1.853
2.829
2.030
3.398
3.041
1.985
1.674
2.458
1.638
2.235
1.774
1.810
1.841
2.869
1.723
1.844
2.588
2.033
2.498
2.319
2.236
1.899
1.715
2.079
1.853
2.132
3.574
1.693
1.843
1.766
1.933
1.770
2.110
2.137
3.563
1.868
1.931
4.004
2.333
1.808
2.321
2.696
2.634
2.476
1.729
2.433
1.664
2.215
1.980
2.084
1.873
2.829
1.937
1.626
1.979
1.756
1.827
1.804
1.812
1.798
2.834
2.089
2.792
2.248
2.013
1.898
1.851
1.987
2.263
1.691
2.569
1.767
2.120
1.900
2.419
1.862
1.590
2.477
1.757
2.067
1.976
2.009
1.535
1.734
1.927
1.677
3.210
1.814
2.002
2.072
2.809
1.868
1.632
1.707
1.761
1.948
2.840
1.741
2.155
2.533
3.267
1.887
2.048
1.714
1.934
1.562
3.021
1.698
1.748
1.669
1.644
1.770
1.575
1.622
1.733
1.809
1.684
1.753
1.875
1.929
4.409
1.828
4.358
2.089
1.651
1.808
1.869
1.610
2.298
3.085
1.545
1.909
1.804
2.120
1.867
1.696
1.914
1.928
2.881
1.597
2.197
2.648
1.734
1.786
2.038
1.889
2.126
2.323
3.190
1.596
1.700
1.963
1.670
2.539
2.010
1.959
2.883
3.400
1.833
1.931
2.289
1.822
1.941
2.226
1.862
2.149
1.866
1.775
2.584
1.896
1.833
1.643
1.696
1.953
2.265
1.873
2.614
2.939
1.900
3.103
1.919
2.915
2.617
1.688
2.445
1.659
1.668
1.748
1.956
2.054
1.886
1.669
4.338
1.791
1.828
2.167
2.574
2.367
1.696
1.768
2.113
2.795
2.007
3.262
2.386
1.850
1.996
2.003
1.816
2.190
1.664
1.938
1.761
1.911
2.669
1.655
2.147
2.715
1.611
1.636
1.647
1.661
1.709
1.847
1.660
1.971
1.686
1.682
2.255
3.312
1.919
1.793
2.212
2.137
2.478
2.516
1.831
1.604
2.594
2.041
1.814
1.724
1.633
2.727
2.140
1.933
1.914
2.118
2.436
1.745
1.737
2.400
1.891
2.423
1.770
3.012
1.976
1.748
2.164
1.501
1.777
2.407
2.912
1.999
1.726
2.118
1.801
2.021
2.008
1.843
1.760
1.697
1.851
1.826
1.700
1.845
2.503
2.086
1.869
1.961
1.836
2.126
1.837
2.079
2.119
1.751
2.665
1.712
1.812
1.676
1.935
1.663
2.994
1.769
1.800
2.016
1.780
2.240
2.073
1.938
1.795
1.554
1.847
1.739
1.678
1.648
1.818
1.630
1.662
1.886
2.104
2.121
1.877
1.986
2.010
1.644
2.002
2.499
1.834
1.679
2.913
1.982
1.958
2.648
2.415
1.906
2.138
2.282
2.262
1.647
1.887
29.169
2.412
1.686
25.114
2.723
3.103
1.946
2.116
1.928
1.775
1.844
1.741
1.780
1.783
1.843
1.988
2.075
2.181
1.920
1.997
1.803
1.745
1.659
3.048
1.742
1.888
1.912
2.341
2.818
1.799
1.761
1.818
2.225
1.593
1.637
1.628
1.722
2.077
2.679
2.362
1.687
2.458
1.828
2.467
2.638
1.847
1.777
1.764
2.089
1.827
1.967
1.945
1.953
1.960
1.835
1.878
3.119
1.900
2.248
2.477
2.185
1.666
2.045
1.833
1.876
3.132
1.836
1.804
1.783
1.936
1.811
2.541
1.767
1.733
2.100
1.837
1.760
1.786
2.343
1.707
2.236
1.971
1.777
2.445
1.684
2.640
2.536
1.843
1.775
2.322
2.096
1.744
2.510
2.086
2.145
2.163
1.764
1.847
1.778
1.634
1.775
1.780
1.884
1.921
2.464
1.799
1.802
1.758
1.782
1.841
1.735
2.958
1.815
1.764
1.706
1.713
1.915
1.874
2.740
1.734
1.914
2.587
2.746
2.068
1.659
2.024
2.015
1.777
2.006
1.853
1.731
2.431
2.150
1.774
1.630
2.314
3.137
2.394
1.818
1.845
3.304
2.232
3.937
1.650
1.893
1.839
3.722
1.823
2.016
1.825
2.151
1.664
3.078
3.067
1.992
1.657
2.163
3.433
1.946
4.108
2.440
2.097
1.865
1.799
1.982
2.494
2.082
1.658
2.901
3.232
1.781
1.765
1.556
1.577
2.299
2.661
1.734
2.219
1.819
1.644
1.798
2.116
2.146
1.820
1.800
2.988
2.388
1.541
1.897
1.827
1.660
1.892
1.690
1.729
2.020
1.709
2.505
1.850
1.876
2.143
1.701
2.292
2.011
1.700
2.406
1.797
3.024
2.529
2.165
1.674
2.445
1.814
1.752
2.179
2.182
1.782
1.826
1.843
1.838
1.987
1.871
1.994
1.725
2.026
1.799
1.757
2.966
1.814
1.749
1.958
1.877
3.364
2.828
2.351
1.850
1.743
1.916
5.677
1.833
1.755
1.876
1.722
2.960
1.770
1.847
1.652
1.750
1.749
1.828
2.033
2.887
3.556
1.785
1.697
2.132
1.641
2.347
1.806
1.983
2.696
1.681
1.784
1.724
2.067
1.806
2.299
1.905
1.944
1.682
1.797
2.330
1.767
1.717
1.713
1.796
2.633
1.780
1.792
2.351
1.830
1.652
1.707
1.805
1.685
2.027
2.112
1.838
1.701
1.899
1.828
2.078
3.308
2.218
2.041
1.897
2.241
1.686
1.877
1.756
1.864
1.597
1.755
2.227
1.799
1.844
2.128
1.746
1.582
3.207
2.151
1.909
2.007
2.220
1.814
2.253
2.029
1.845
2.009
1.986
1.650
2.095
1.610
1.892
2.320
5.365
1.679
2.544
1.933
3.492
7.542
2.245
1.786
1.832
1.723
1.643
1.687
2.357
1.799
1.892
2.203
1.638
1.660
1.882
1.757
2.047
1.681
2.174
1.850
3.768
2.429
1.962
2.464
2.004
3.102
1.958
2.357
1.684
3.349
2.039
1.645
1.833
3.128
1.798
1.796
2.110
1.711
2.139
1.915
2.890
2.043
1.718
1.770
2.141
1.749
5.680
1.787
1.839
1.748
2.009
2.872
1.753
2.035
2.016
1.810
1.817
1.764
1.884
2.200
1.601
1.662
2.034
1.633
1.868
1.825
1.742
1.854
2.028
1.949
2.604
1.788
2.508
2.074
1.978
1.827
2.188
1.786
2.845
2.305
2.063
1.776
1.778
1.696
1.636
1.948
1.758
3.287
2.079
2.436
1.720
1.756
2.081
1.974
1.734
1.635
1.640
2.050
1.717
2.716
1.923
2.605
2.121
2.606
1.893
1.950
1.935
1.757
2.112
2.962
1.759
1.967
3.147
1.963
2.824
1.719
2.280
1.775
1.700
1.776
1.814
1.849
1.818
2.741
2.517
1.787
2.009
1.851
1.633
1.720
1.766
1.756
2.083
2.743
2.096
1.834
1.647
2.033
2.139
1.642
1.906
2.016
1.721
4.154
1.554
1.842
1.619
1.763
2.736
1.648
1.900
1.791
2.232
3.133
1.875
1.990
1.887
3.211
1.625
2.309
2.150
1.667
2.072
1.846
2.276
3.354
1.844
1.768
4.120
1.881
2.020
1.894
1.892
2.096
1.803
2.025
2.342
1.597
1.768
1.763
1.921
3.028
3.163
1.662
1.794
2.165
2.430
1.881
1.681
5.555
1.810
2.419
2.190
1.982
3.142
1.675
1.912
1.661
1.636
3.133
2.065
1.750
1.822
2.125
1.783
1.709
2.367
1.985
2.171
1.752
1.794
1.953
2.600
2.569
1.792
2.244
1.743
2.288
1.877
2.059
1.673
1.963
1.761
1.811
1.832
2.841
2.795
1.694
1.817
1.823
2.396
2.035
2.169
1.732
1.880
1.809
1.842
1.912
3.152
1.743
1.869
1.724
2.565
1.751
2.663
2.101
1.722
1.679
1.732
1.863
1.764
2.445
1.647
1.697
1.654
1.796
2.128
1.707
1.656
2.039
1.801
3.828
1.885
2.358
1.703
1.734
2.537
2.036
1.779
1.767
1.842
2.284
3.184
2.391
2.850
1.882
1.772
1.759
1.775
2.262
1.794
21.931
2.884
1.809
1.961
1.804
2.482
3.303
1.843
1.901
2.614
2.007
2.299
9.002
2.377
1.798
2.207
2.241
1.674
1.612
1.900
2.068
2.046
2.638
1.988
2.775
2.291
1.588
1.713
1.719
1.960
2.147
1.832
1.661
2.217
1.928
2.299
1.741
1.614
1.773
2.088
1.991
1.952
1.828
2.366
1.823
2.449
1.695
2.137
1.879
1.898
2.444
1.677
1.734
2.631
2.029
2.078
2.785
1.629
4.761
2.100
2.268
2.083
1.677
2.281
2.061
2.223
1.761
2.055
1.778
1.731
2.250
1.673
2.028
2.874
2.935
1.855
2.150
1.787
1.584
1.672
1.595
1.749
2.248
1.966
1.871
1.881
2.579
2.754
1.956
2.358
2.627
1.644
1.748
2.094
2.064
1.792
1.688
1.721
1.675
1.633
1.809
1.853
2.825
2.860
2.869
2.104
2.939
2.279
2.020
1.709
1.581
1.793
2.897
2.181
1.722
2.164
2.677
2.152
1.650
1.739
1.756
1.748
1.718
1.870
1.616
1.740
1.735
3.143
1.767
2.158
3.186
2.732
2.149
2.357
2.451
1.857
2.225
17.587
2.775
1.817
1.649
2.113
1.750
2.904
1.737
2.056
1.915
1.824
2.014
2.284
1.670
1.880
1.894
2.291
2.426
2.341
1.830
2.188
1.712
1.652
2.155
2.791
2.419
1.671
1.816
1.914
1.953
1.766
3.482
3.841
1.782
1.941
2.567
1.937
1.718
1.771
1.747
2.000
2.135
1.743
2.150
1.720
1.718
1.654
1.834
1.763
1.803
2.136
1.826
1.802
2.781
2.094
1.798
2.193
2.503
1.720
1.668
1.762
1.671
1.745
1.761
3.107
1.914
1.849
1.702
1.516
2.609
1.905
2.529
1.931
2.229
1.902
2.033
1.706
1.933
1.787
1.819
2.192
1.879
1.595
2.460
1.711
3.922
1.733
2.633
1.690
2.282
2.131
2.061
1.785
2.823
1.899
1.920
1.665
2.431
1.723
1.775
2.010
2.700
2.527
2.018
2.736
2.193
1.586
1.834
2.753
2.687
1.701
2.342
2.537
2.060
1.935
2.481
2.468
1.987
2.416
2.335
1.657
1.797
2.146
2.559
1.717
1.838
1.761
2.393
7.106
2.313
2.459
2.800
2.425
1.693
1.938
2.166
3.163
1.835
1.716
2.720
1.697
1.628
1.721
2.047
1.689
1.812
1.783
1.667
2.246
1.572
1.728
1.986
2.096
1.671
2.070
2.373
1.810
2.620
2.947
1.853
3.029
1.939
1.728
2.357
2.022
1.666
2.178
1.670
2.834
1.808
1.691
1.882
1.704
1.775
2.818
2.842
2.229
1.725
1.673
1.777
1.811
1.734
1.996
1.757
2.728
2.120
2.043
1.616
1.673
2.231
1.732
1.698
2.184
1.803
1.703
2.704
3.300
1.732
1.804
2.420
1.728
2.058
2.840
1.885
1.934
1.784
1.764
1.869
5.155
1.689
1.725
1.994
1.876
1.818
1.632
2.046
1.760
1.630
2.423
1.822
2.001
1.830
1.852
2.049
1.739
1.903
2.160
1.785
1.761
2.253
2.160
2.137
2.567
4.199
1.626
1.857
2.031
2.177
1.683
2.613
1.921
1.673
1.648
2.083
1.559
2.077
1.642
1.878
1.883
2.655
1.820
1.703
1.729
1.715
1.772
3.119
2.451
1.657
1.820
1.857
2.073
2.393
1.562
1.870
2.160
1.987
1.754
2.345
1.632
1.953
1.938
1.697
1.805
1.588
1.981
1.753
1.728
3.018
2.427
1.683
1.778
2.003
1.900
1.686
2.120
2.944
3.526
2.397
2.027
3.115
1.683
2.005
2.080
2.432
3.285
2.062
1.681
1.676
1.795
1.809
1.589
2.320
4.039
1.756
3.807
2.124
1.880
1.907
2.563
1.855
2.436
24.382
1.756
2.302
2.416
1.767
1.916
2.850
2.947
3.090
1.752
3.684
1.701
2.862
1.796
1.850
1.744
2.096
3.250
1.780
1.817
1.673
1.591
1.833
1.871
1.784
1.730
1.648
2.435
2.156
3.251
2.411
1.926
2.914
2.063
2.576
1.987
2.862
2.684
1.919
1.959
1.885
2.560
1.870
2.589
17.633
1.712
1.669
1.988
1.905
1.734
1.917
2.549
2.052
1.625
1.761
1.911
2.800
2.090
1.700
1.738
2.398
1.756
2.193
2.023
1.832
6.417
1.703
1.862
2.670
2.059
2.456
1.897
2.089
1.760
1.881
1.998
2.026
1.865
1.761
1.726
3.036
2.236
1.772
1.806
1.798
1.811
2.499
1.625
1.666
3.384
1.854
2.147
1.878
1.732
1.748
2.103
2.174
1.667
1.886
2.159
3.270
1.746
2.227
1.835
2.915
1.770
1.710
1.757
1.894
2.160
2.142
1.758
1.783
1.942
2.393
1.661
1.673
1.764
1.725
2.222
1.964
2.566
2.284
2.134
1.709
1.798
1.724
3.950
2.100
1.948
1.649
2.672
1.888
1.875
2.321
2.223
1.619
1.701
1.895
1.726
1.652
1.855
1.678
1.804
1.911
1.730
2.468
1.775
2.186
1.828
1.742
1.733
1.833
2.084
1.930
1.733
1.571
2.044
1.688
3.375
1.877
1.881
1.835
2.418
1.837
1.630
2.135
1.746
1.948
3.674
1.834
1.634
2.609
2.555
2.050
1.884
2.097
2.266
2.307
2.404
2.060
2.511
2.638
2.001
2.122
2.198
2.013
1.997
2.378
2.200
1.645
1.926
1.644
2.255
1.735
2.538
2.440
1.831
1.585
1.993
1.937
1.711
1.715
1.794
1.897
1.782
1.705
1.653
1.657
1.629
1.865
1.799
1.946
1.841
1.737
1.865
3.632
1.998
1.617
2.347
3.190
1.715
1.743
1.969
3.050
1.687
1.926
2.505
2.296
1.838
1.890
1.691
2.085
1.806
2.316
2.187
1.998
3.644
2.065
1.681
2.168
2.196
1.816
1.888
1.762
1.796
2.181
1.709
2.208
1.787
3.726
19.984
1.534
1.738
2.035
1.771
2.509
1.624
1.627
1.743
1.860
2.189
1.878
1.845
1.728
2.552
1.822
2.282
1.638
2.588
1.693
2.660
1.656
1.982
2.216
3.606
1.714
2.215
2.397
2.007
1.721
1.644
1.595
1.711
1.801
1.700
2.400
1.903
3.104
1.906
1.807
2.536
2.463
2.110
1.774
1.690
1.736
2.214
1.721
1.942
3.003
2.189
1.729
1.882
1.716
2.607
3.734
2.068
3.473
1.726
1.938
1.846
1.747
1.791
2.143
1.759
2.249
1.824
2.081
2.032
2.280
1.949
1.866
1.719
3.654
1.859
3.351
1.886
1.732
2.427
1.636
2.114
1.898
1.826
3.626
1.633
1.664
1.766
1.611
1.764
1.850
1.803
1.825
1.758
1.988
1.887
2.677
1.854
2.026
2.119
1.686
2.060
2.179
1.984
1.656
2.282
2.140
1.785
1.864
1.959
1.756
2.469
1.777
1.672
1.903
2.459
1.718
1.740
1.701
1.971
1.577
2.049
1.804
1.897
1.630
6.797
1.973
1.976
2.598
36.510
1.829
1.718
2.614
1.991
1.840
1.648
1.694
2.026
1.961
1.752
2.100
2.003
3.209
1.683
1.896
1.821
1.796
2.493
1.532
2.154
2.606
4.393
2.014
2.323
1.683
1.999
2.081
1.679
1.889
1.671
1.819
1.787
3.047
1.942
2.052
1.705
1.872
1.757
1.906
1.628
1.992
2.266
2.040
1.665
2.452
31.345
1.883
2.971
1.678
2.062
1.644
2.700
1.926
1.945
2.648
1.729
1.660
2.033
1.822
3.409
1.600
2.348
2.313
1.648
1.844
2.127
2.080
2.871
1.929
2.153
1.934
2.458
1.821
1.673
1.660
2.312
2.083
2.393
2.133
1.725
1.788
2.039
1.735
2.187
1.931
1.777
1.835
1.805
2.923
1.980
1.718
1.745
1.613
2.310
1.716
1.954
1.846
1.598
2.493
1.883
9.137
4.839
2.433
2.636
2.686
2.264
2.130
2.767
2.521
1.645
2.442
2.026
1.933
2.699
1.898
2.179
1.785
3.453
1.656
1.778
2.154
1.959
1.761
1.975
2.065
1.826
1.652
1.828
1.795
1.803
1.845
1.669
1.712
1.751
1.804
1.825
1.695
1.768
5.775
2.641
1.742
1.635
1.681
3.421
1.783
3.275
1.729
1.831
1.664
1.657
1.806
1.765
1.662
1.754
1.720
1.815
1.667
8.064
1.746
1.831
1.850
1.732
2.094
1.996
9.944
1.718
1.847
2.762
1.798
2.014
11.302
1.731
1.745
1.623
2.342
1.742
1.620
1.866
1.649
2.470
2.108
2.206
1.851
1.831
1.788
2.508
1.716
2.022
2.162
1.522
1.637
1.875
1.709
1.954
1.822
1.776
2.709
1.707
2.029
1.694
2.489
3.279
1.923
1.792
2.583
1.730
1.664
1.732
1.669
1.716
1.662
2.203
1.919
1.886
1.675
3.304
2.397
1.660
2.688
1.871
2.233
1.833
1.713
1.871
2.586
1.862
1.907
1.600
1.985
2.583
3.166
1.741
2.547
1.665
1.919
1.525
2.108
1.847
1.930
1.790
2.023
1.788
1.831
2.032
1.758
2.012
1.864
2.560
1.709
1.676
1.742
1.694
1.642
2.445
1.883
1.753
2.165
2.311
1.831
1.662
1.930
1.855
4.432
1.673
2.368
2.819
1.637
2.575
2.640
2.890
2.259
1.663
1.686
3.398
3.798
2.824
2.071
1.996
2.187
1.837
2.056
1.583
1.587
1.748
4.276
1.650
2.302
2.035
1.639
1.744
2.766
1.752
1.846
1.652
2.157
2.213
2.858
1.560
1.899
1.867
1.771
2.031
2.206
1.637
1.875
1.729
2.350
1.841
1.772
1.812
2.605
2.153
5.991
2.105
2.059
2.248
1.899
2.672
2.097
1.858
1.952
1.767
1.668
1.720
2.305
1.677
2.469
2.025
1.940
1.785
2.001
1.641
1.626
1.752
1.803
2.403
1.635
1.676
2.355
2.765
2.119
2.171
2.666
1.815
2.229
30.348
2.098
2.295
2.056
2.246
2.449
1.599
1.835
2.153
2.183
10.724
3.317
2.162
1.871
1.727
1.675
2.764
2.236
1.844
1.783
1.706
2.695
1.740
1.964
1.810
1.774
2.041
1.655
1.817
1.662
2.097
1.834
1.757
1.816
1.990
2.336
2.059
1.881
1.789
1.802
1.691
1.843
1.987
2.368
3.241
1.648
2.522
1.617
1.781
1.555
1.831
1.805
2.374
1.601
1.799
1.690
1.787
2.187
1.724
2.358
2.103
2.394
2.024
2.288
2.726
1.818
2.247
1.936
1.968
2.140
2.284
1.883
3.685
2.261
2.414
1.885
1.978
1.665
2.180
2.956
3.242
1.885
1.697
1.757
1.766
2.051
2.679
2.063
2.007
1.944
2.120
2.332
1.727
1.712
29.990
1.558
1.615
1.853
2.507
1.773
2.192
1.825
1.748
1.705
1.698
1.822
1.637
2.342
2.021
1.779
2.089
1.806
1.964
2.865
1.854
3.190
2.511
2.647
1.809
1.925
1.693
2.465
2.694
1.777
1.868
3.043
1.745
3.337
3.119
1.636
2.084
2.219
1.607
2.628
2.379
2.583
3.449
1.554
1.805
1.797
1.713
37.391
1.891
1.810
2.620
2.310
1.650
2.440
1.661
1.776
1.877
1.991
1.736
3.179
2.310
2.012
1.988
1.740
2.391
1.620
1.787
1.873
1.606
2.156
1.716
1.690
2.389
1.878
1.709
1.577
2.991
1.979
1.746
2.365
1.986
1.833
1.640
1.737
2.982
1.738
1.872
1.966
2.239
1.905
1.693
2.057
1.651
2.433
2.026
1.770
3.065
1.810
1.626
2.046
1.861
2.418
1.841
2.364
1.703
1.871
2.098
2.100
1.771
3.584
1.777
2.782
2.220
2.037
1.774
1.815
1.917
1.711
1.835
2.221
1.847
9.144
1.662
2.137
1.723
1.829
1.682
1.856
1.962
2.522
11.285
3.017
1.752
2.148
2.148
1.836
1.663
2.686
2.341
2.701
2.469
1.846
1.706
1.703
1.953
2.914
1.738
1.966
1.683
2.134
1.900
1.958
1.861
2.693
1.758
2.101
1.801
1.706
1.730
1.692
2.084
1.981
1.860
2.182
2.714
2.688
2.091
2.115
2.621
1.694
2.049
1.787
1.753
1.803
2.453
2.131
4.120
1.679
1.934
2.014
1.777
1.809
2.351
1.769
2.552
1.815
1.834
2.375
1.884
1.866
1.625
1.683
1.876
1.796
1.879
1.732
1.835
1.906
2.557
1.934
2.271
1.902
1.726
1.987
1.809
1.743
2.623
2.026
2.698
2.539
2.070
1.624
1.860
2.142
3.072
2.234
2.405
1.955
1.662
1.666
1.779
1.801
2.091
1.642
1.729
1.733
2.456
1.770
3.348
2.384
2.105
2.113
1.654
1.730
1.948
2.051
1.814
1.896
1.874
1.743
1.799
1.812
2.063
1.844
2.079
1.689
1.751
1.649
2.102
2.078
1.931
1.876
1.663
1.828
1.976
2.178
2.023
1.871
2.012
2.318
2.471
1.950
1.863
1.599
1.712
1.897
1.758
1.986
1.734
1.824
35.547
1.887
1.703
1.792
1.666
2.048
1.807
1.723
1.927
2.024
1.726
2.884
1.957
1.843
2.228
2.685
4.747
1.843
2.193
1.976
1.949
2.306
2.296
1.891
1.841
1.882
1.789
1.703
2.068
1.844
1.704
1.715
2.096
1.729
1.924
1.622
2.764
1.883
1.664
1.966
2.363
2.106
1.780
2.691
2.062
1.714
3.355
1.762
3.101
1.789
1.673
1.755
1.955
1.848
1.735
2.307
2.259
2.047
1.926
2.042
2.102
3.110
1.867
2.128
3.084
1.933
2.586
1.924
2.072
2.033
1.827
1.646
2.052
1.611
1.854
2.157
1.712
1.878
1.917
1.768
2.728
1.741
2.453
2.241
1.840
1.968
2.275
1.947
2.092
2.168
2.207
1.812
1.841
1.767
2.179
1.721
1.934
1.927
1.868
1.974
2.099
1.850
1.866
1.761
2.474
2.670
1.928
2.066
2.043
1.793
1.914
1.739
1.928
2.289
1.815
1.799
1.697
2.042
1.683
1.609
1.756
2.660
2.009
2.023
1.767
1.741
2.844
2.231
2.737
1.928
1.652
4.149
1.831
1.732
1.921
3.563
2.292
1.638
2.159
1.863
1.627
1.788
2.923
1.757
1.814
1.630
1.817
1.750
2.744
1.636
1.937
1.928
1.946
1.937
1.848
2.118
1.910
2.173
2.709
2.478
2.374
1.664
1.700
2.052
2.167
1.834
2.143
1.905
2.984
2.477
1.741
1.695
1.715
2.041
2.070
3.118
2.241
1.745
1.610
2.128
2.611
3.346
1.749
1.837
6.561
1.892
2.672
2.211
1.894
2.240
2.634
1.802
2.439
2.306
1.667
1.800
2.489
1.777
1.911
2.134
1.854
1.753
2.940
1.673
1.688
1.814
1.628
2.705
1.823
1.766
1.626
1.824
1.800
1.659
1.815
2.262
1.676
1.817
2.068
2.646
1.969
2.214
1.720
1.670
2.259
2.546
2.381
2.046
1.737
2.066
1.842
2.806
1.731
1.808
1.758
1.952
1.980
2.150
2.064
2.062
1.751
1.794
3.112
1.766
1.921
2.498
1.744
1.868
1.728
3.149
1.692
1.807
2.682
1.829
1.842
2.701
20.457
2.258
1.719
2.214
1.644
1.735
1.805
1.559
1.979
1.640
1.958
1.689
1.732
1.869
2.087
2.289
2.271
2.135
1.663
1.776
2.062
1.780
1.985
2.051
1.657
1.778
2.452
2.108
1.803
1.723
3.058
1.898
1.794
1.732
1.583
2.056
2.051
1.850
2.305
1.625
1.714
3.181
1.847
2.063
2.016
2.492
2.548
1.697
2.678
2.405
2.151
2.949
1.972
1.666
2.056
1.684
2.653
1.876
2.259
1.718
2.161
2.041
2.323
1.798
1.751
1.772
2.086
1.976
1.853
2.642
1.788
1.999
1.982
2.052
1.920
1.795
1.967
1.812
1.644
1.652
2.571
2.108
1.675
1.815
1.711
1.694
1.787
2.089
1.989
2.067
1.741
2.402
1.739
2.143
1.708
1.630
1.999
1.802
1.627
2.369
1.691
2.276
1.522
2.413
2.202
2.384
1.744
1.767
2.143
2.545
1.856
1.923
2.496
1.762
2.113
2.360
1.680
1.866
3.444
2.615
2.156
3.804
1.538
1.643
1.695
1.978
1.898
2.371
1.693
2.076
1.927
1.873
1.783
1.747
2.196
1.908
2.011
1.768
2.041
1.807
2.933
2.144
6.589
1.667
1.799
2.624
2.012
1.882
2.517
1.848
2.244
2.436
2.425
2.307
2.041
2.031
1.799
1.708
1.814
2.134
2.199
1.614
2.022
1.887
2.012
3.515
1.875
4.142
1.688
1.794
1.559
2.629
1.964
2.099
2.120
1.736
9.074
1.965
1.918
1.738
1.759
2.314
2.119
4.238
2.148
2.113
2.059
2.817
1.714
3.772
1.978
1.827
2.191
1.651
2.001
1.808
2.713
1.600
1.745
1.683
2.169
1.988
3.353
1.942
32.825
1.886
1.785
2.258
1.985
1.797
1.773
1.736
1.693
1.731
1.731
1.657
1.693
1.610
1.748
2.238
2.117
1.724
1.755
1.808
1.816
1.695
1.676
1.871
1.978
1.956
1.798
1.788
2.144
30.917
2.041
1.629
1.698
4.346
1.846
2.146
3.141
1.611
1.783
1.818
1.859
1.941
1.707
2.204
2.026
1.699
1.726
1.792
1.882
2.172
1.827
1.684
1.904
2.043
2.449
2.274
1.931
3.086
2.270
1.906
1.688
1.722
3.110
1.766
2.394
1.850
1.940
2.113
1.948
2.719
1.948
1.810
1.733
1.568
1.730
2.647
3.882
2.832
4.981
2.094
3.169
1.673
2.485
1.888
1.983
1.943
2.335
1.751
1.663
7.281
4.180
1.866
23.225
2.120
2.252
1.773
1.766
1.930
1.723
1.856
1.705
2.942
1.674
1.866
2.555
1.913
1.811
1.900
2.570
2.010
2.739
1.885
9.738
1.706
2.708
3.032
1.931
1.759
1.660
2.616
1.659
1.543
2.248
1.949
2.002
2.645
1.790
2.483
2.072
1.909
1.964
2.586
1.872
2.035
1.956
2.101
1.816
2.103
2.009
2.611
1.768
3.018
2.240
2.926
2.131
1.725
1.720
6.864
1.938
1.731
1.704
5.285
2.083
2.072
1.764
1.842
1.918
1.726
2.698
1.640
1.781
2.560
2.111
1.792
1.826
1.738
2.393
1.846
2.281
1.923
1.924
1.768
2.071
1.808
1.699
1.818
2.054
1.833
1.847
1.719
2.212
2.080
1.700
1.865
1.710
1.810
2.736
1.773
5.108
2.118
1.766
1.937
1.829
1.950
1.673
1.666
1.721
1.833
1.831
1.946
3.776
1.810
23.834
2.262
3.457
2.277
2.294
1.975
1.643
3.066
1.712
1.831
1.856
1.984
3.427
1.947
2.515
1.769
1.843
2.159
2.295
1.732
1.806
2.316
1.641
2.057
2.319
1.851
1.677
1.863
3.181
2.245
1.906
1.698
2.022
2.246
2.029
1.764
1.794
1.975
1.792
1.823
1.665
1.715
1.619
2.061
1.754
1.854
1.924
1.803
1.793
1.844
1.954
1.767
1.648
3.167
1.793
2.546
1.849
2.018
2.066
1.616
1.687
1.608
1.764
1.533
2.121
1.744
2.123
2.602
1.853
2.628
1.636
2.552
2.474
2.113
1.901
3.157
1.860
2.004
1.777
2.438
1.942
1.998
1.945
1.704
2.354
1.738
1.673
2.587
1.873
2.353
1.782
2.066
2.543
1.784
1.634
1.744
1.774
1.789
1.749
1.669
1.875
2.090
1.819
1.769
1.880
1.776
1.627
3.351
2.032
2.347
2.872
1.713
1.790
2.700
1.868
1.830
2.497
1.669
1.795
2.014
1.726
2.119
1.959
2.023
1.893
2.715
1.823
1.741
1.807
1.761
1.589
1.715
3.256
1.717
1.857
2.291
2.022
1.918
1.727
2.120
2.032
1.793
2.188
1.784
1.837
1.829
2.264
1.971
3.745
1.746
1.943
1.672
1.929
2.449
1.702
1.699
3.346
2.627
2.810
1.666
1.844
2.501
2.246
2.439
1.670
2.297
3.105
1.917
2.061
2.310
2.603
2.688
1.680
1.721
1.842
1.698
1.990
2.098
1.661
2.173
3.070
2.775
1.673
3.552
1.997
2.810
1.714
2.753
3.018
1.717
2.133
1.748
3.016
2.746
1.936
1.666
1.813
1.963
1.973
2.075
2.421
1.870
1.904
2.354
2.266
2.073
2.125
1.831
1.723
1.894
12.208
2.384
4.387
2.428
2.931
3.037
1.656
1.686
3.072
1.742
1.975
1.857
2.207
1.687
2.047
3.144
2.230
2.453
1.663
2.554
1.726
2.376
1.754
1.793
1.820
1.968
1.930
1.636
1.903
1.740
1.947
1.897
1.776
2.995
2.547
3.282
1.991
2.070
1.702
1.854
1.844
1.956
1.972
1.849
2.215
1.836
2.137
2.207
1.845
2.240
2.303
1.708
2.264
1.661
1.862
2.319
2.112
1.864
1.874
1.779
1.704
1.775
2.309
2.351
1.728
1.741
1.823
1.895
1.764
1.734
2.183
1.957
2.113
1.815
1.992
1.599
1.775
2.174
2.432
3.077
1.923
1.802
1.985
2.425
2.124
1.902
1.878
1.699
2.026
1.844
1.994
1.731
1.860
1.681
2.028
1.718
2.313
3.161
4.296
1.842
2.665
2.706
1.612
1.991
1.971
1.890
1.697
1.736
1.674
1.797
2.046
1.689
1.770
1.661
2.322
1.737
2.075
1.870
1.654
1.673
2.657
3.231
1.773
1.926
2.337
2.419
2.300
2.166
1.944
1.847
1.752
3.354
1.740
1.799
3.657
3.344
10.479
2.532
2.151
1.888
1.777
2.766
1.888
2.011
1.862
1.973
2.375
3.253
1.753
1.761
1.991
1.935
1.615
1.990
2.769
1.925
1.691
1.973
1.730
1.596
1.833
1.759
2.452
1.944
5.112
1.755
2.461
1.762
1.722
1.919
1.713
1.821
1.830
2.485
1.884
1.717
2.228
1.630
2.566
2.174
2.717
1.987
1.658
1.722
1.682
1.819
2.239
2.800
1.900
1.889
1.754
2.157
1.773
1.795
1.898
1.851
1.682
1.838
1.952
1.802
1.773
1.845
1.957
1.552
2.205
2.440
3.073
2.131
2.389
1.592
1.693
2.114
2.215
2.257
1.872
1.676
1.692
2.274
1.940
1.829
1.658
6.658
2.389
2.587
2.219
1.615
1.732
1.831
1.861
2.032
1.723
2.486
1.877
1.706
2.489
1.770
1.723
1.877
1.710
1.794
1.877
1.942
1.689
1.754
1.590
1.761
1.623
1.941
2.740
1.853
1.765
1.681
1.648
1.944
1.845
1.849
1.971
1.900
1.794
2.795
1.761
2.321
2.021
1.703
2.108
1.712
1.794
1.883
2.634
1.874
1.658
1.670
1.699
2.400
1.788
1.652
1.726
2.056
1.887
2.071
1.702
1.853
1.796
1.935
2.007
3.134
1.751
2.275
1.960
2.019
2.240
1.720
3.299
1.837
1.761
1.745
1.923
1.841
3.032
2.001
1.655
1.812
2.365
1.904
1.922
2.735
1.689
1.758
1.921
3.280
3.045
1.969
1.951
2.254
2.140
2.117
1.620
1.665
1.930
2.377
2.264
1.857
2.305
1.742
1.726
1.683
1.806
1.849
1.619
3.602
3.520
1.669
1.786
1.764
1.820
2.384
2.354
1.996
1.767
3.590
1.712
1.735
1.806
1.705
1.902
1.879
1.766
2.573
1.871
1.929
1.950
1.786
1.694
1.627
1.728
2.064
1.651
1.969
1.920
1.806
1.734
1.684
1.951
1.753
2.412
3.293
2.645
2.003
1.756
2.695
1.551
2.174
2.190
1.819
1.606
2.223
1.869
2.405
1.969
1.721
2.210
1.728
1.791
1.893
1.793
1.953
2.363
2.545
1.834
1.668
2.141
1.640
1.702
2.801
2.156
2.082
2.905
2.595
1.978
1.725
1.987
1.718
1.699
1.867
3.091
1.654
1.672
1.722
2.219
1.807
1.915
1.773
2.459
2.038
2.095
2.344
1.869
1.991
1.789
1.933
1.670
1.711
1.984
2.485
2.223
1.820
1.603
1.671
1.881
3.470
1.700
2.020
1.590
2.552
1.736
2.740
1.826
1.680
1.650
1.989
1.867
1.824
1.613
1.693
1.863
1.918
1.762
1.743
2.032
2.023
1.802
1.683
1.710
1.738
1.957
1.682
1.985
1.822
1.823
2.942
1.808
1.590
17.956
1.958
1.786
1.923
2.174
2.025
1.810
1.633
2.556
1.817
1.506
1.797
1.778
3.855
1.644
2.287
1.977
1.873
2.837
7.006
1.899
1.875
1.742
1.567
2.049
1.818
1.604
1.839
1.761
2.127
1.725
1.772
1.952
1.707
1.800
2.120
2.273
2.272
2.045
2.159
1.929
1.871
1.905
3.109
2.040
1.833
1.693
2.109
1.688
2.257
2.039
1.792
1.936
1.976
1.850
3.250
1.807
2.553
1.849
5.046
1.882
1.701
2.122
2.193
1.798
1.788
1.839
1.685
2.299
1.862
3.636
1.704
1.634
2.227
2.209
1.730
1.804
1.780
1.667
1.781
4.064
1.800
3.110
2.233
1.795
2.974
2.272
1.935
1.945
1.874
3.969
3.577
2.009
1.671
6.587
1.806
1.755
2.043
1.842
1.649
1.952
1.766
2.276
8.883
1.763
2.234
1.748
1.767
1.918
1.967
36.494
1.966
1.888
2.297
1.730
1.803
1.804
1.750
1.607
2.041
1.800
1.799
1.572
1.722
2.093
1.702
2.142
1.760
1.657
2.029
1.783
2.110
1.760
1.844
1.800
2.809
2.324
1.916
1.538
1.809
2.567
2.299
1.695
1.934
1.825
1.916
2.487
1.756
1.896
1.895
1.932
2.273
1.770
1.742
1.697
1.827
3.531
1.778
1.731
1.935
1.682
1.765
1.919
2.026
3.575
1.656
2.238
1.802
2.931
1.591
1.948
2.342
2.046
2.126
1.770
2.555
3.447
1.895
2.632
1.754
4.900
1.702
1.858
1.859
2.597
1.819
2.387
1.671
2.320
1.801
2.170
2.465
1.948
1.889
1.787
1.714
1.960
2.476
1.799
1.701
1.769
1.796
1.766
1.742
3.810
1.729
1.878
1.809
2.265
1.959
1.776
2.834
1.784
2.402
1.671
1.786
1.864
1.991
1.886
1.615
2.593
1.871
1.888
2.056
2.091
2.161
3.042
2.150
1.946
2.069
1.866
2.114
1.793
1.891
1.876
1.910
2.423
1.760
1.908
1.626
1.747
2.085
2.923
1.789
1.775
1.714
2.961
3.205
1.795
1.536
2.867
2.652
2.063
1.560
1.597
1.763
2.373
3.141
1.807
2.111
2.476
3.346
1.593
1.672
2.648
1.692
1.722
2.796
1.824
2.982
2.051
1.761
1.896
3.535
2.432
1.649
1.633
1.769
1.840
1.977
3.268
2.185
1.742
1.811
1.971
1.690
2.027
1.955
1.673
1.806
1.931
1.938
2.120
1.631
1.688
2.128
1.674
1.720
1.715
1.768
1.870
1.583
1.693
3.130
2.646
1.692
1.904
1.705
1.802
1.794
1.812
1.774
1.675
2.904
3.120
1.682
2.059
1.713
1.908
2.848
1.810
1.868
2.709
2.521
1.675
3.138
1.513
1.614
1.891
1.769
2.195
2.041
1.688
1.849
1.926
1.741
2.226
4.501
2.140
2.203
2.132
3.140
1.879
2.187
1.854
1.934
2.576
1.615
3.927
2.427
2.148
1.951
1.794
1.633
1.652
1.952
1.704
4.152
2.017
1.826
1.674
1.645
2.641
1.826
2.223
2.236
2.371
1.986
1.770
1.892
1.837
1.957
2.491
1.769
2.311
1.759
2.969
1.696
2.256
2.409
1.625
1.702
1.669
3.228
2.379
1.649
2.287
2.432
2.318
1.787
1.837
1.671
2.052
4.570
2.452
1.845
1.715
1.758
1.871
2.516
1.851
1.584
1.877
1.693
1.661
1.919
1.726
1.541
1.676
1.931
2.921
1.659
2.072
1.663
3.114
1.867
1.791
1.760
1.823
1.789
1.753
1.671
2.096
1.826
1.769
1.702
1.661
2.476
1.927
1.683
2.142
1.686
2.194
1.735
1.810
2.227
3.849
2.195
1.814
1.667
1.585
2.107
1.811
2.466
1.747
1.832
1.709
1.861
1.896
1.794
2.472
1.865
1.862
2.216
1.774
1.989
2.178
7.094
1.858
2.303
1.768
2.090
1.831
1.776
1.698
1.645
1.864
2.565
1.824
1.801
1.640
1.976
1.678
2.150
2.637
2.785
2.612
3.208
2.518
1.637
2.063
1.681
1.555
2.715
2.130
2.272
1.766
2.241
1.949
1.717
2.166
1.759
1.846
2.334
1.779
1.702
1.949
2.057
1.954
1.787
1.856
2.350
2.851
1.743
1.608
1.771
1.791
2.083
1.739
1.715
2.896
1.650
2.013
2.053
25.985
2.299
1.690
2.059
1.855
28.199
2.056
1.893
1.956
1.663
2.148
1.858
1.728
1.705
1.784
1.877
3.699
1.682
1.792
1.742
1.725
1.769
1.734
2.748
1.841
1.852
4.390
1.855
1.632
1.860
1.667
2.656
2.088
2.272
1.966
1.910
1.806
1.759
2.158
1.823
1.954
2.161
1.905
1.582
1.683
2.521
1.796
1.771
2.170
1.796
2.030
2.585
1.832
1.737
2.168
1.777
1.795
1.915
2.009
1.638
2.147
1.705
1.639
1.770
1.721
1.709
1.887
2.263
3.660
2.139
1.991
4.303
1.881
1.827
1.819
1.640
1.761
1.664
1.633
1.795
2.163
2.135
1.757
2.909
1.716
2.689
1.611
1.737
1.843
1.666
1.985
1.720
1.627
1.813
1.833
2.670
1.964
1.957
1.920
1.658
1.800
1.887
2.024
2.456
2.889
2.044
1.609
2.116
2.060
1.848
1.559
7.386
1.642
1.979
1.768
1.684
2.875
1.928
3.319
1.772
1.720
2.442
1.996
1.805
3.510
2.346
2.305
2.201
1.842
1.953
2.815
1.638
2.150
1.983
3.123
2.001
1.634
1.770
1.897
2.542
1.940
2.716
1.914
2.285
1.952
3.386
1.811
1.940
1.876
2.407
1.720
1.668
1.810
3.062
2.276
1.672
1.684
1.706
2.776
3.395
24.651
1.769
1.856
1.951
2.246
1.947
2.063
1.796
2.046
1.645
1.667
2.413
1.758
2.062
1.717
1.948
2.216
1.888
4.213
1.915
4.506
1.769
1.670
3.041
2.237
2.704
1.692
1.739
3.179
1.680
2.462
1.911
2.128
1.690
5.644
2.437
1.995
1.817
2.431
2.032
2.481
2.637
1.784
2.806
1.728
3.988
2.000
1.871
1.745
1.842
3.160
1.683
3.893
2.107
1.585
2.427
2.567
2.039
2.122
1.802
4.020
4.800
2.051
1.875
2.264
2.158
1.727
1.834
1.746
1.913
2.698
1.789
2.724
2.486
1.578
2.915
3.341
1.641
2.941
2.229
1.772
1.786
1.822
6.320
2.239
1.760
2.156
1.798
2.099
1.901
2.333
1.843
1.817
1.723
2.323
2.002
1.679
1.804
1.926
1.998
1.694
1.884
1.860
1.933
11.590
1.958
1.598
1.817
2.147
1.707
1.751
1.731
1.772
2.505
2.824
2.337
1.724
1.770
6.203
2.652
2.094
1.665
1.815
2.142
1.829
1.901
2.143
1.708
1.795
1.944
1.975
1.924
1.966
1.723
1.728
1.926
1.716
1.771
1.825
1.746
1.858
1.972
1.952
1.915
1.637
2.113
2.140
1.742
1.882
1.874
1.973
2.370
1.836
1.703
1.860
1.592
1.707
2.090
1.553
1.634
1.679
1.644
1.753
2.075
2.315
1.706
1.823
2.372
2.158
1.705
1.669
1.663
1.930
2.654
1.628
4.599
1.855
1.658
1.868
2.285
3.591
1.779
1.689
1.773
6.357
2.207
1.882
2.429
1.989
1.989
1.752
3.748
1.847
1.894
1.845
2.490
3.068
1.782
2.899
1.713
3.151
2.746
2.308
2.174
1.789
1.868
1.954
2.068
1.937
1.938
2.103
1.774
2.672
2.193
4.312
3.206
1.632
1.860
1.720
2.057
1.740
1.735
2.164
1.582
1.949
1.686
1.867
1.592
1.776
2.155
1.728
2.649
2.352
1.755
1.764
2.291
3.701
1.759
1.754
1.951
1.631
2.025
1.740
1.661
1.966
1.943
1.862
2.025
1.648
2.156
2.465
1.981
1.852
1.623
1.851
1.753
1.707
2.028
3.134
1.735
2.409
1.912
1.759
2.121
2.932
1.709
2.002
2.139
2.431
1.875
2.359
1.904
1.733
1.771
2.549
1.890
2.601
2.298
1.553
1.824
1.932
1.725
2.752
1.936
1.889
2.002
1.866
1.775
1.797
2.168
1.777
1.901
1.745
2.445
1.797
2.319
1.679
3.756
2.993
1.851
2.856
1.649
2.899
1.905
4.186
2.031
1.946
2.425
1.886
1.642
1.808
1.858
1.762
2.699
1.859
2.140
1.880
1.748
1.932
1.931
2.438
1.708
5.585
2.128
1.993
1.768
1.851
2.035
1.726
1.873
1.811
1.656
1.671
3.391
1.623
1.586
1.796
1.925
2.240
1.881
1.748
2.490
1.582
2.400
2.729
1.995
2.780
1.995
2.182
1.782
2.847
1.531
1.657
2.073
1.848
1.746
1.924
1.654
1.550
2.366
1.843
2.720
2.071
8.375
1.827
2.148
1.765
2.659
1.664
1.772
1.635
1.602
2.345
1.891
1.728
1.610
1.654
2.881
1.784
1.897
1.844
2.017
2.249
1.682
1.710
1.885
2.001
1.700
1.970
1.760
1.851
1.721
1.873
2.241
2.003
1.817
3.400
2.503
2.171
1.694
1.773
1.724
2.021
2.118
1.825
1.569
1.675
2.455
1.701
31.380
1.754
2.070
2.105
3.385
1.711
2.307
1.717
2.199
1.952
1.815
1.676
2.351
2.105
1.766
1.834
1.801
2.349
1.917
1.750
2.228
2.007
1.811
2.273
1.770
1.871
1.611
2.695
1.775
1.886
1.647
1.984
1.845
2.003
1.818
4.026
1.653
1.917
1.952
2.116
2.466
1.684
1.907
1.842
2.318
1.636
1.705
1.960
1.936
1.920
1.652
1.950
1.684
1.819
1.759
2.945
1.857
2.283
2.018
1.808
2.386
1.663
1.817
1.901
1.676
1.894
1.834
1.964
1.617
2.038
1.846
1.701
1.783
1.982
2.932
1.873
2.197
1.672
1.816
1.751
2.309
1.833
1.570
2.353
1.861
3.908
1.820
4.372
2.044
1.890
1.758
1.736
2.235
2.852
1.762
1.793
2.078
1.718
1.705
1.740
1.866
1.911
1.586
2.410
4.233
2.212
7.439
2.134
2.194
1.880
2.288
1.801
1.749
1.803
2.401
1.707
1.998
1.990
1.621
1.886
2.008
2.096
1.730
1.897
1.852
1.915
2.347
2.062
1.881
1.894
2.379
1.922
1.889
1.706
1.797
1.977
1.820
2.088
3.383
2.162
1.714
2.154
1.657
2.143
2.038
1.709
2.455
1.619
1.891
2.047
1.846
1.682
1.540
2.888
2.355
1.737
1.703
2.057
1.767
3.303
1.867
2.240
1.987
2.215
1.907
2.078
2.036
1.684
1.808
1.608
3.374
2.946
1.871
1.817
2.515
1.682
3.691
1.643
1.929
1.778
1.700
2.155
1.738
1.808
2.681
1.924
2.090
3.791
2.132
2.673
1.986
2.686
1.827
1.851
1.620
1.707
1.769
2.831
1.598
1.791
2.074
1.923
1.983
1.816
1.901
2.989
2.467
1.610
1.970
2.314
1.643
1.639
1.742
1.917
1.838
1.983
2.250
1.705
1.698
2.530
1.811
1.752
2.030
1.743
2.044
1.820
1.647
2.088
2.494
1.807
1.718
1.609
1.690
1.819
1.899
2.741
2.827
1.778
2.372
1.715
1.809
1.806
2.590
2.660
1.953
1.742
1.907
1.806
1.687
1.728
1.618
2.216
2.574
3.053
1.747
3.864
1.964
2.143
2.170
3.930
2.138
2.284
1.759
1.783
2.645
1.831
1.824
3.246
1.779
1.702
1.815
1.948
2.066
1.614
1.888
1.786
1.853
2.070
1.711
2.112
2.339
1.813
1.937
1.744
1.820
1.744
1.874
1.671
2.216
1.962
1.915
1.720
1.792
1.985
1.983
3.443
2.942
3.929
1.936
2.435
2.314
1.578
2.110
2.303
2.440
1.937
1.771
1.825
3.074
2.925
2.261
1.936
2.738
2.340
1.684
1.795
1.623
2.332
2.824
1.807
14.666
2.334
1.940
12.854
2.612
3.782
2.964
1.982
2.147
1.744
1.709
1.720
2.445
1.881
2.361
1.726
2.099
1.708
2.213
1.845
1.637
1.922
1.769
2.787
2.454
2.426
2.062
1.896
1.749
1.610
1.791
1.904
1.752
1.871
2.141
2.861
1.782
1.765
2.268
1.895
2.113
1.773
1.633
1.716
1.886
1.693
31.794
3.240
1.922
2.553
1.707
3.039
1.799
1.747
1.860
1.784
1.970
2.187
2.568
2.438
2.550
1.914
2.599
2.749
1.753
1.874
1.522
1.693
2.217
1.775
1.773
2.115
1.547
1.711
1.950
2.470
2.429
1.567
2.047
2.328
1.702
2.427
1.674
2.503
1.777
1.680
1.731
1.991
1.880
1.760
1.660
1.662
1.917
4.438
1.841
2.130
2.623
1.724
2.069
1.812
2.109
1.603
2.135
1.707
2.458
2.310
2.108
2.618
2.197
1.752
1.708
2.412
1.867
1.676
1.628
2.435
1.664
1.685
1.996
2.269
1.773
1.853
2.044
1.726
1.636
1.736
1.787
2.152
1.629
2.357
2.535
2.868
1.948
1.813
1.961
1.986
1.584
1.663
2.016
1.879
1.774
1.976
1.934
1.732
1.811
1.781
1.671
2.648
3.090
2.033
3.377
2.077
2.077
2.156
1.642
1.726
1.570
1.866
2.256
2.048
1.730
1.658
1.675
2.705
1.800
1.827
3.948
1.588
5.797
1.745
3.590
2.078
1.907
1.639
2.033
1.811
2.783
2.592
1.587
3.646
2.288
1.704
1.611
3.725
1.827
1.776
2.597
1.721
1.998
2.232
1.737
2.049
1.820
1.756
1.737
1.721
1.688
2.259
2.134
1.764
4.999
2.025
1.730
2.378
2.073
1.897
2.672
1.945
1.762
2.001
2.490
2.950
4.039
1.667
2.329
1.697
2.347
1.926
2.321
1.846
2.479
2.976
2.958
1.795
1.686
2.676
2.965
1.976
2.586
2.425
1.702
1.896
3.185
1.988
2.255
1.719
1.684
1.903
1.675
4.928
1.832
2.030
2.188
1.845
1.879
1.645
1.830
1.849
1.728
1.879
2.449
1.658
2.109
2.309
3.157
1.854
1.715
2.283
1.710
1.607
1.588
2.247
1.820
1.997
1.684
1.811
1.868
2.253
2.414
1.658
2.163
2.041
1.773
2.053
1.882
1.819
1.888
2.461
2.426
1.644
1.637
1.735
1.618
2.799
1.758
2.214
2.805
1.826
1.774
2.381
3.446
1.727
2.372
1.734
1.697
1.579
2.920
3.233
1.831
1.638
1.731
2.046
1.761
2.038
1.616
2.142
1.911
1.744
1.878
2.051
1.741
1.822
2.167
1.744
2.837
2.936
1.948
1.758
1.740
2.095
1.946
2.067
1.683
2.401
1.868
1.837
2.061
1.706
1.864
1.777
1.715
1.972
1.712
2.037
1.781
2.984
3.050
3.731
2.168
1.771
1.828
1.932
1.878
2.246
1.912
1.957
1.843
2.971
2.185
1.954
1.792
5.476
1.779
1.639
1.712
1.848
2.013
1.658
1.809
1.918
2.863
1.889
2.144
1.997
3.385
1.625
1.920
2.119
2.042
2.145
1.793
2.004
2.553
1.617
1.753
2.239
1.822
1.782
1.688
1.815
2.001
2.487
2.477
2.230
1.924
2.092
1.880
2.401
2.165
2.032
1.725
1.713
1.919
1.606
1.647
2.079
1.677
1.670
2.012
2.287
2.145
2.267
1.811
2.259
2.795
2.181
2.787
1.825
1.731
2.036
2.045
2.741
3.514
2.042
2.027
1.726
1.750
1.725
1.686
1.793
1.669
1.749
1.781
2.245
2.010
2.131
1.831
1.735
1.684
2.023
1.733
1.580
2.380
2.582
1.776
2.097
2.216
1.820
2.034
1.889
3.160
1.978
1.811
1.933
2.044
1.909
1.512
1.787
4.007
2.687
3.102
2.537
2.029
2.319
1.922
1.715
1.625
2.379
2.159
3.306
2.046
2.429
2.515
1.997
1.930
1.741
2.173
1.911
1.693
1.823
2.293
3.772
3.824
2.149
1.898
1.798
2.191
2.533
1.581
2.035
1.727
1.683
3.521
1.946
1.753
1.619
1.838
1.713
1.598
1.765
3.532
2.022
2.636
1.971
2.149
2.193
8.199
2.018
1.808
3.050
2.179
1.707
1.466
1.496
1.666
1.993
1.815
1.643
2.998
2.199
1.758
1.895
2.200
1.818
2.132
1.611
1.725
2.502
1.827
1.757
3.583
1.777
2.404
1.826
1.718
1.801
1.922
1.621
2.660
2.313
1.920
1.811
1.964
1.952
1.652
1.728
1.701
1.689
1.943
2.273
3.259
2.085
1.669
1.930
1.622
1.747
1.785
2.578
2.026
1.591
2.312
2.727
2.584
1.686
1.876
1.879
1.791
2.357
1.714
1.978
4.099
2.449
2.617
2.176
1.632
1.965
2.053
2.619
2.064
2.434
2.046
1.687
1.852
2.021
1.818
1.909
1.785
3.017
1.871
1.634
2.430
1.623
2.063
1.680
4.154
1.757
1.717
1.816
1.841
1.822
2.312
1.659
2.493
2.403
27.102
1.829
2.902
1.959
1.886
2.052
2.264
1.794
2.637
1.754
1.768
1.847
1.678
1.731
2.303
1.731
35.746
1.884
2.064
1.880
1.738
1.642
2.055
1.919
1.720
1.788
1.867
1.809
1.865
1.873
1.704
1.669
1.672
1.976
1.753
1.618
2.656
1.742
2.361
2.063
1.809
1.924
2.278
1.943
1.763
1.681
1.932
1.746
1.877
1.832
1.743
2.186
1.695
2.117
1.625
2.037
2.512
1.718
1.883
1.682
2.431
2.002
1.857
2.181
1.902
1.742
1.798
1.921
1.793
1.832
1.570
1.792
1.779
1.796
2.252
2.280
1.749
1.935
1.801
2.502
1.634
1.892
2.019
2.274
1.926
1.791
2.097
1.712
1.930
1.899
2.174
1.662
2.167
1.635
2.230
2.286
1.989
1.999
2.212
1.587
1.780
2.433
