1.00000e-04 inf
1.22168e-04 inf
1.49250e-04 6.47876e-02
1.82335e-04 2.27168e-05
2.22754e-04 4.94955e-07
2.72134e-04 2.45716e-08
3.32460e-04 1.78727e-09
4.06159e-04 1.62864e-10
4.96195e-04 1.71837e-11
6.06190e-04 2.00352e-12
7.40568e-04 2.50090e-13
9.04736e-04 3.27405e-14
1.10530e-03 4.42160e-15
1.35031e-03 6.08819e-16
1.64965e-03 8.40647e-17
2.01534e-03 1.16725e-17
2.46209e-03 1.59559e-18
3.00788e-03 2.11106e-19
3.67466e-03 2.71787e-20
4.48925e-03 3.37106e-21
5.48442e-03 4.07062e-22
6.70019e-03 4.84550e-23
8.18547e-03 5.66162e-24
1.00000e-02 6.69111e-25
1.22168e-02 8.21994e-26
1.49250e-02 1.08870e-26
1.82335e-02 1.65154e-27
2.22754e-02 3.00866e-28
2.72134e-02 6.83471e-29
3.32460e-02 1.55863e-29
4.06159e-02 9.41806e-31
4.96195e-02 1.08954e-31
6.06190e-02 2.36747e-32
7.40568e-02 8.74055e-33
9.04736e-02 3.94976e-33
1.10530e-01 1.97879e-33
1.35031e-01 8.30921e-34
1.64965e-01 4.39651e-34
2.01534e-01 3.44026e-34
2.46209e-01 2.48825e-34
3.00788e-01 1.90416e-34
3.67466e-01 1.75957e-34
4.48925e-01 1.75071e-34
5.48442e-01 1.40744e-34
6.70019e-01 1.01765e-34
8.18547e-01 1.05924e-34
1.00000e+00 9.20706e-35
