3.00000e-05 inf
3.47395e-05 inf
4.02278e-05 inf
4.65831e-05 inf
5.39425e-05 inf
6.24646e-05 inf
7.23330e-05 6.84884e-10
8.37604e-05 8.58441e-10
9.69932e-05 5.07498e-11
1.12317e-04 4.04141e-12
1.30061e-04 4.90035e-13
1.50608e-04 7.02181e-14
1.74402e-04 1.06971e-14
2.01955e-04 1.76069e-15
2.33860e-04 3.00894e-16
2.70806e-04 5.42763e-17
3.13590e-04 1.02881e-17
3.63132e-04 2.02329e-18
4.20501e-04 4.08275e-19
4.86933e-04 8.42284e-20
5.63860e-04 1.77880e-20
6.52941e-04 3.85015e-21
7.56095e-04 8.43535e-22
8.75546e-04 1.89347e-22
1.01387e-03 4.30512e-23
1.17404e-03 1.01528e-23
1.35952e-03 2.42711e-24
1.57431e-03 6.02521e-25
1.82302e-03 1.55396e-25
2.11103e-03 4.16597e-26
2.44454e-03 1.15957e-26
2.83074e-03 3.36325e-27
3.27795e-03 1.00518e-27
3.79581e-03 3.11515e-28
4.39549e-03 9.93834e-29
5.08990e-03 3.23301e-29
5.89402e-03 1.06641e-29
6.82518e-03 3.55422e-30
7.90345e-03 1.19004e-30
9.15207e-03 4.00784e-31
1.05980e-02 1.37581e-31
1.22723e-02 4.77498e-32
1.42111e-02 1.70747e-32
1.64562e-02 6.43355e-33
1.90560e-02 2.60067e-33
2.20666e-02 1.12091e-33
2.55527e-02 5.29826e-34
2.95896e-02 2.65230e-34
3.42643e-02 7.23692e-35
3.96775e-02 8.43320e-36
4.59459e-02 1.28708e-36
5.32047e-02 2.74655e-37
6.16101e-02 7.29152e-38
7.13435e-02 2.53847e-38
8.26147e-02 1.05714e-38
9.56665e-02 4.25802e-39
1.10780e-01 2.10519e-39
1.28282e-01 1.10371e-39
1.48548e-01 6.61070e-40
1.72016e-01 4.02106e-40
1.99192e-01 2.45562e-40
2.30661e-01 1.55370e-40
2.67102e-01 1.02328e-40
3.09300e-01 7.57469e-41
3.58164e-01 5.00082e-41
4.14749e-01 3.94802e-41
4.80272e-01 3.06964e-41
5.56147e-01 2.55830e-41
6.44010e-01 2.10105e-41
7.45753e-01 1.77221e-41
8.63570e-01 1.50885e-41
1.00000e+00 1.29859e-41
