3.00000e-05 inf
3.47395e-05 inf
4.02278e-05 inf
4.65831e-05 6.93314e-19
5.39425e-05 1.35992e-20
6.24646e-05 1.64761e-21
7.23330e-05 3.64794e-22
8.37604e-05 1.09140e-22
9.69932e-05 3.96019e-23
1.12317e-04 1.62220e-23
1.30061e-04 7.29319e-24
1.50608e-04 3.50929e-24
1.74402e-04 1.78242e-24
2.01955e-04 9.45564e-25
2.33860e-04 6.42993e-26
2.70806e-04 8.29038e-27
3.13590e-04 2.49341e-27
3.63132e-04 1.12906e-27
4.20501e-04 6.41756e-28
4.86933e-04 4.21178e-28
5.63860e-04 3.02226e-28
6.52941e-04 2.31114e-28
7.56095e-04 1.83236e-28
8.75546e-04 1.48185e-28
1.01387e-03 1.21603e-28
1.17404e-03 1.00238e-28
1.35952e-03 8.28888e-29
1.57431e-03 6.85073e-29
1.82302e-03 5.59656e-29
2.11103e-03 4.55082e-29
2.44454e-03 3.65233e-29
2.83074e-03 2.89608e-29
3.27795e-03 2.26267e-29
3.79581e-03 1.71402e-29
4.39549e-03 1.27878e-29
5.08990e-03 9.30788e-30
5.89402e-03 6.64876e-30
6.82518e-03 4.71229e-30
7.90345e-03 3.30365e-30
9.15207e-03 2.33331e-30
1.05980e-02 1.65551e-30
1.22723e-02 1.19471e-30
1.42111e-02 8.85776e-31
1.64562e-02 6.80497e-31
1.90560e-02 5.41180e-31
2.20666e-02 4.50096e-31
2.55527e-02 3.97975e-31
2.95896e-02 3.69752e-31
3.42643e-02 1.83123e-31
3.96775e-02 4.19195e-32
4.59459e-02 1.00597e-32
5.32047e-02 3.16867e-33
6.16101e-02 1.19792e-33
7.13435e-02 5.29350e-34
8.26147e-02 2.48791e-34
9.56665e-02 1.47205e-34
1.10780e-01 9.72182e-35
1.28282e-01 7.08507e-35
1.48548e-01 5.93138e-35
1.72016e-01 4.78570e-35
1.99192e-01 4.03795e-35
2.30661e-01 3.34731e-35
2.67102e-01 2.62540e-35
3.09300e-01 2.64016e-35
3.58164e-01 2.59854e-35
4.14749e-01 2.56699e-35
4.80272e-01 2.52142e-35
5.56147e-01 2.59362e-35
6.44010e-01 2.61841e-35
7.45753e-01 2.64223e-35
8.63570e-01 2.65807e-35
1.00000e+00 2.65465e-35
