1.00000e-05 inf
1.21547e-05 inf
1.47738e-05 inf
1.79571e-05 inf
2.18264e-05 inf
2.65295e-05 inf
3.22459e-05 inf
3.91941e-05 1.05120e-28
4.76394e-05 4.39729e-30
5.79044e-05 1.37181e-30
7.03814e-05 7.39902e-31
8.55467e-05 5.26354e-31
1.03980e-04 4.41970e-31
1.26385e-04 4.27140e-31
1.53617e-04 4.44138e-31
1.86718e-04 4.98276e-31
2.26951e-04 5.82163e-31
2.75853e-04 7.00851e-31
3.35292e-04 8.66988e-31
4.07539e-04 1.09572e-30
4.95354e-04 1.39024e-30
6.02089e-04 1.75006e-30
7.31824e-04 2.21641e-30
8.89513e-04 2.77193e-30
1.08118e-03 3.46513e-30
1.31415e-03 4.32634e-30
1.59731e-03 5.37632e-30
1.94149e-03 6.57160e-30
2.35983e-03 8.00220e-30
2.86832e-03 9.78021e-30
3.48637e-03 1.17817e-29
4.23759e-03 1.43302e-29
5.15068e-03 1.71111e-29
6.26052e-03 2.03677e-29
7.60950e-03 2.44365e-29
9.24915e-03 2.87566e-29
1.12421e-02 3.40505e-29
1.36645e-02 3.96681e-29
1.66088e-02 4.67101e-29
2.01876e-02 5.43657e-29
2.45375e-02 6.37884e-29
2.98247e-02 5.10814e-29
3.62512e-02 4.09229e-29
4.40624e-02 3.48561e-29
5.35567e-02 1.44099e-29
6.50968e-02 5.66746e-30
7.91234e-02 2.76580e-30
9.61725e-02 1.56967e-30
1.16895e-01 1.07782e-30
1.42083e-01 7.57423e-31
1.72698e-01 5.90953e-31
2.09910e-01 4.97054e-31
2.55141e-01 3.29193e-31
3.10117e-01 2.74894e-31
3.76939e-01 2.55878e-31
4.58160e-01 2.28569e-31
5.56881e-01 2.05874e-31
6.76875e-01 1.82095e-31
8.22724e-01 1.36966e-31
1.00000e+00 1.18730e-31
