1.00000e-01 inf
1.14137e-01 inf
1.30272e-01 inf
1.48688e-01 inf
1.69707e-01 inf
1.93698e-01 inf
2.21080e-01 inf
2.52333e-01 inf
2.88004e-01 inf
3.28718e-01 3.93448e-37
3.75188e-01 7.06222e-38
4.28227e-01 2.13358e-38
4.88763e-01 6.94628e-39
5.57858e-01 2.58791e-39
6.36720e-01 1.16438e-39
7.26731e-01 6.13028e-40
8.29465e-01 3.78600e-40
9.46724e-01 2.14150e-40
1.08056e+00 1.45938e-40
1.23331e+00 1.02254e-40
1.40766e+00 7.35418e-41
1.60666e+00 5.28508e-41
1.83378e+00 3.88081e-41
2.09302e+00 2.86868e-41
2.38890e+00 2.16482e-41
2.72661e+00 1.66132e-41
3.11205e+00 1.31256e-41
3.55199e+00 1.08723e-41
4.05412e+00 9.45243e-42
4.62724e+00 8.64891e-42
5.28137e+00 8.29645e-42
6.02798e+00 8.28317e-42
6.88013e+00 8.56254e-42
7.85274e+00 9.07885e-42
8.96286e+00 9.82994e-42
1.02299e+01 1.07877e-41
1.16761e+01 1.20553e-41
1.33267e+01 1.34732e-41
1.52106e+01 1.53158e-41
1.73608e+01 1.73159e-41
1.98151e+01 1.98486e-41
2.26163e+01 2.29156e-41
2.58134e+01 2.65913e-41
2.94626e+01 3.10344e-41
3.36276e+01 3.64593e-41
3.83813e+01 4.21374e-41
4.38072e+01 4.81851e-41
5.00000e+01 5.53202e-41
