3.00000e-05 inf
3.47395e-05 inf
4.02278e-05 inf
4.65831e-05 inf
5.39425e-05 inf
6.24646e-05 inf
7.23330e-05 inf
8.37604e-05 inf
9.69932e-05 inf
1.12317e-04 2.02775e-12
1.30061e-04 9.42453e-13
1.50608e-04 1.52255e-13
1.74402e-04 2.39989e-14
2.01955e-04 4.49415e-15
2.33860e-04 9.11842e-16
2.70806e-04 2.04609e-16
3.13590e-04 5.03171e-17
3.63132e-04 1.33259e-17
4.20501e-04 3.70933e-18
4.86933e-04 1.08408e-18
5.63860e-04 3.25544e-19
6.52941e-04 1.00636e-19
7.56095e-04 3.18958e-20
8.75546e-04 1.02284e-20
1.01387e-03 3.34908e-21
1.17404e-03 1.10839e-21
1.35952e-03 3.68234e-22
1.57431e-03 1.23574e-22
1.82302e-03 4.17031e-23
2.11103e-03 1.43094e-23
2.44454e-03 4.85663e-24
2.83074e-03 1.65736e-24
3.27795e-03 5.62046e-25
3.79581e-03 1.88662e-25
4.39549e-03 6.34611e-26
5.08990e-03 2.10925e-26
5.89402e-03 6.94924e-27
6.82518e-03 2.28838e-27
7.90345e-03 7.52597e-28
9.15207e-03 2.46166e-28
1.05980e-02 8.28253e-29
1.22723e-02 2.83284e-29
1.42111e-02 1.01962e-29
1.64562e-02 3.88394e-30
1.90560e-02 1.61195e-30
2.20666e-02 7.24997e-31
2.55527e-02 3.59901e-31
2.95896e-02 1.98296e-31
3.42643e-02 6.87941e-32
3.96775e-02 9.36107e-33
4.59459e-02 1.74370e-33
5.32047e-02 4.53880e-34
6.16101e-02 1.51610e-34
7.13435e-02 7.40645e-35
8.26147e-02 3.77400e-35
9.56665e-02 2.27163e-35
1.10780e-01 1.36100e-35
1.28282e-01 8.65372e-36
1.48548e-01 5.96355e-36
1.72016e-01 4.05291e-36
1.99192e-01 3.35280e-36
2.30661e-01 2.32734e-36
2.67102e-01 2.19935e-36
3.09300e-01 1.66236e-36
3.58164e-01 1.73826e-36
4.14749e-01 1.31385e-36
4.80272e-01 1.34286e-36
5.56147e-01 1.22316e-36
6.44010e-01 1.19338e-36
7.45753e-01 1.18308e-36
8.63570e-01 1.17869e-36
1.00000e+00 1.15843e-36
