3.00000e-05 inf
3.47395e-05 inf
4.02278e-05 inf
4.65831e-05 inf
5.39425e-05 inf
6.24646e-05 inf
7.23330e-05 9.12431e-14
8.37604e-05 2.76134e-15
9.69932e-05 2.28274e-16
1.12317e-04 2.95551e-17
1.30061e-04 5.29675e-18
1.50608e-04 1.11358e-18
1.74402e-04 2.48317e-19
2.01955e-04 6.06915e-20
2.33860e-04 1.54818e-20
2.70806e-04 4.09229e-21
3.13590e-04 1.12294e-21
3.63132e-04 3.15328e-22
4.20501e-04 9.20088e-23
4.86933e-04 2.68882e-23
5.63860e-04 7.88654e-24
6.52941e-04 2.33704e-24
7.56095e-04 7.21175e-25
8.75546e-04 2.18804e-25
1.01387e-03 6.80052e-26
1.17404e-03 2.12963e-26
1.35952e-03 6.72410e-27
1.57431e-03 2.12064e-27
1.82302e-03 6.73633e-28
2.11103e-03 2.19446e-28
2.44454e-03 7.17168e-29
2.83074e-03 2.40360e-29
3.27795e-03 8.09468e-30
3.79581e-03 2.78529e-30
4.39549e-03 9.70382e-31
5.08990e-03 3.44948e-31
5.89402e-03 1.24319e-31
6.82518e-03 4.56752e-32
7.90345e-03 1.69071e-32
9.15207e-03 6.48738e-33
1.05980e-02 2.52752e-33
1.22723e-02 1.01000e-33
1.42111e-02 4.19342e-34
1.64562e-02 1.84062e-34
1.90560e-02 8.61410e-35
2.20666e-02 4.30789e-35
2.55527e-02 2.36579e-35
2.95896e-02 1.36343e-35
3.42643e-02 4.54302e-36
3.96775e-02 8.71036e-37
4.59459e-02 1.67389e-37
5.32047e-02 4.06705e-38
6.16101e-02 1.25387e-38
7.13435e-02 4.53881e-39
8.26147e-02 1.57261e-39
9.56665e-02 6.72987e-40
1.10780e-01 3.75216e-40
1.28282e-01 2.31593e-40
1.48548e-01 1.20794e-40
1.72016e-01 7.96731e-41
1.99192e-01 5.54418e-41
2.30661e-01 3.45950e-41
2.67102e-01 2.73932e-41
3.09300e-01 2.08268e-41
3.58164e-01 1.67737e-41
4.14749e-01 1.37603e-41
4.80272e-01 1.15364e-41
5.56147e-01 9.53085e-42
6.44010e-01 8.16324e-42
7.45753e-01 7.03636e-42
8.63570e-01 5.92314e-42
1.00000e+00 5.44589e-42
