1.00000e-01 inf
1.14137e-01 inf
1.30272e-01 inf
1.48688e-01 inf
1.69707e-01 inf
1.93698e-01 1.05525e-33
2.21080e-01 inf
2.52333e-01 inf
2.88004e-01 7.16755e-36
3.28718e-01 3.99479e-37
3.75188e-01 6.31345e-38
4.28227e-01 1.20869e-38
4.88763e-01 2.64020e-39
5.57858e-01 9.45437e-40
6.36720e-01 4.30488e-40
7.26731e-01 2.12851e-40
8.29465e-01 1.28048e-40
9.46724e-01 7.28616e-41
1.08056e+00 4.96812e-41
1.23331e+00 3.43684e-41
1.40766e+00 2.45849e-41
1.60666e+00 1.77094e-41
1.83378e+00 1.29492e-41
2.09302e+00 9.57268e-42
2.38890e+00 7.21343e-42
2.72661e+00 5.54946e-42
3.11205e+00 4.38425e-42
3.55199e+00 3.62187e-42
4.05412e+00 3.15188e-42
4.62724e+00 2.88343e-42
5.28137e+00 2.76474e-42
6.02798e+00 2.76230e-42
6.88013e+00 2.85002e-42
7.85274e+00 3.01883e-42
8.96286e+00 3.27294e-42
1.02299e+01 3.60868e-42
1.16761e+01 4.00814e-42
1.33267e+01 4.50012e-42
1.52106e+01 5.10137e-42
1.73608e+01 5.77362e-42
1.98151e+01 6.62426e-42
2.26163e+01 7.71021e-42
2.58134e+01 8.88260e-42
2.94626e+01 1.03983e-41
3.36276e+01 1.21967e-41
3.83813e+01 1.40573e-41
4.38072e+01 1.61153e-41
5.00000e+01 1.84378e-41
