1.00000e-05 inf
1.21547e-05 inf
1.47738e-05 inf
1.79571e-05 inf
2.18264e-05 inf
2.65295e-05 inf
3.22459e-05 inf
3.91941e-05 inf
4.76394e-05 inf
5.79044e-05 inf
7.03814e-05 inf
8.55467e-05 inf
1.03980e-04 2.19182e-11
1.26385e-04 9.01632e-14
1.53617e-04 6.28147e-15
1.86718e-04 8.51762e-16
2.26951e-04 1.56159e-16
2.75853e-04 3.34775e-17
3.35292e-04 7.90069e-18
4.07539e-04 1.97199e-18
4.95354e-04 5.11818e-19
6.02089e-04 1.36859e-19
7.31824e-04 3.54648e-20
8.89513e-04 9.15234e-21
1.08118e-03 2.33722e-21
1.31415e-03 5.82509e-22
1.59731e-03 1.46615e-22
1.94149e-03 3.72534e-23
2.35983e-03 9.20518e-24
2.86832e-03 2.31529e-24
3.48637e-03 5.73333e-25
4.23759e-03 1.39135e-25
5.15068e-03 3.42262e-26
6.26052e-03 8.42061e-27
7.60950e-03 2.02974e-27
9.24915e-03 4.92173e-28
1.12421e-02 1.23950e-28
1.36645e-02 3.23199e-29
1.66088e-02 8.93715e-30
2.01876e-02 2.68288e-30
2.45375e-02 9.50237e-31
2.98247e-02 3.71490e-31
3.62512e-02 1.23681e-31
4.40624e-02 2.97705e-32
5.35567e-02 7.82674e-33
6.50968e-02 2.23497e-33
7.91234e-02 7.91475e-34
9.61725e-02 4.86349e-34
1.16895e-01 3.02285e-34
1.42083e-01 2.20079e-34
1.72698e-01 1.72493e-34
2.09910e-01 1.39116e-34
2.55141e-01 1.35133e-34
3.10117e-01 1.34041e-34
3.76939e-01 1.37280e-34
4.58160e-01 1.43932e-34
5.56881e-01 1.47512e-34
6.76875e-01 1.52323e-34
8.22724e-01 1.55177e-34
1.00000e+00 1.56738e-34
