3.00000e-05 inf
3.47395e-05 inf
4.02278e-05 inf
4.65831e-05 inf
5.39425e-05 inf
6.24646e-05 inf
7.23330e-05 inf
8.37604e-05 inf
9.69932e-05 inf
1.12317e-04 inf
1.30061e-04 inf
1.50608e-04 3.07098e-06
1.74402e-04 7.09383e-08
2.01955e-04 5.61635e-09
2.33860e-04 5.26829e-10
2.70806e-04 6.05030e-11
3.13590e-04 8.49544e-12
3.63132e-04 1.38359e-12
4.20501e-04 2.48318e-13
4.86933e-04 4.78585e-14
5.63860e-04 9.76344e-15
6.52941e-04 2.08009e-15
7.56095e-04 4.55684e-16
8.75546e-04 1.03402e-16
1.01387e-03 2.35479e-17
1.17404e-03 5.49955e-18
1.35952e-03 1.28162e-18
1.57431e-03 3.01993e-19
1.82302e-03 7.11975e-20
2.11103e-03 1.67937e-20
2.44454e-03 3.90409e-21
2.83074e-03 9.02129e-22
3.27795e-03 2.04200e-22
3.79581e-03 4.53333e-23
4.39549e-03 9.94194e-24
5.08990e-03 2.14964e-24
5.89402e-03 4.58482e-25
6.82518e-03 9.77296e-26
7.90345e-03 2.08340e-26
9.15207e-03 4.48478e-27
1.05980e-02 9.88131e-28
1.22723e-02 2.25134e-28
1.42111e-02 5.40406e-29
1.64562e-02 1.39663e-29
1.90560e-02 4.12838e-30
2.20666e-02 1.31344e-30
2.55527e-02 4.80788e-31
2.95896e-02 2.08191e-31
3.42643e-02 5.90800e-32
3.96775e-02 7.10211e-33
4.59459e-02 1.24792e-33
5.32047e-02 3.12981e-34
6.16101e-02 1.14168e-34
7.13435e-02 5.02960e-35
8.26147e-02 2.64319e-35
9.56665e-02 1.59694e-35
1.10780e-01 9.73801e-36
1.28282e-01 4.77916e-36
1.48548e-01 3.03303e-36
1.72016e-01 2.12126e-36
1.99192e-01 1.71575e-36
2.30661e-01 1.40681e-36
2.67102e-01 1.17684e-36
3.09300e-01 1.11783e-36
3.58164e-01 1.00578e-36
4.14749e-01 8.03706e-37
4.80272e-01 7.30515e-37
5.56147e-01 7.22005e-37
6.44010e-01 7.22393e-37
7.45753e-01 4.93103e-37
8.63570e-01 4.69587e-37
1.00000e+00 4.67648e-37
