3.00000e-05 inf
3.47395e-05 inf
4.02278e-05 inf
4.65831e-05 inf
5.39425e-05 inf
6.24646e-05 inf
7.23330e-05 6.68371e-12
8.37604e-05 1.93866e-13
9.69932e-05 1.56529e-14
1.12317e-04 2.02022e-15
1.30061e-04 3.58967e-16
1.50608e-04 7.56595e-17
1.74402e-04 1.66433e-17
2.01955e-04 4.04362e-18
2.33860e-04 1.03244e-18
2.70806e-04 2.76322e-19
3.13590e-04 7.40997e-20
3.63132e-04 2.10074e-20
4.20501e-04 5.98750e-21
4.86933e-04 1.70144e-21
5.63860e-04 5.00496e-22
6.52941e-04 1.48080e-22
7.56095e-04 4.39236e-23
8.75546e-04 1.32292e-23
1.01387e-03 3.89288e-24
1.17404e-03 1.16797e-24
1.35952e-03 3.48011e-25
1.57431e-03 1.04010e-25
1.82302e-03 3.07669e-26
2.11103e-03 9.34013e-27
2.44454e-03 2.84699e-27
2.83074e-03 8.88375e-28
3.27795e-03 2.86897e-28
3.79581e-03 9.39939e-29
4.39549e-03 3.22514e-29
5.08990e-03 1.08119e-29
5.89402e-03 3.87236e-30
6.82518e-03 1.37527e-30
7.90345e-03 5.00055e-31
9.15207e-03 1.85088e-31
1.05980e-02 6.99719e-32
1.22723e-02 2.76630e-32
1.42111e-02 1.09503e-32
1.64562e-02 4.68195e-33
1.90560e-02 2.08759e-33
2.20666e-02 1.00621e-33
2.55527e-02 5.18215e-34
2.95896e-02 2.75594e-34
3.42643e-02 1.09316e-34
3.96775e-02 3.12255e-35
4.59459e-02 8.59312e-36
5.32047e-02 2.83246e-36
6.16101e-02 9.07533e-37
7.13435e-02 2.95140e-37
8.26147e-02 1.26201e-37
9.56665e-02 6.19795e-38
1.10780e-01 3.90591e-38
1.28282e-01 2.09205e-38
1.48548e-01 1.37071e-38
1.72016e-01 9.07314e-39
1.99192e-01 5.74550e-39
2.30661e-01 4.33046e-39
2.67102e-01 3.41859e-39
3.09300e-01 2.76269e-39
3.58164e-01 2.27237e-39
4.14749e-01 1.88966e-39
4.80272e-01 1.59522e-39
5.56147e-01 1.35266e-39
6.44010e-01 1.15731e-39
7.45753e-01 9.96523e-40
8.63570e-01 8.62311e-40
1.00000e+00 7.48421e-40
