1.00000e-03 inf
1.21819e-03 inf
1.48398e-03 1.19786e-34
1.80777e-03 7.35079e-37
2.20220e-03 8.20529e-38
2.68270e-03 2.04529e-38
3.26803e-03 8.08278e-39
3.98107e-03 4.19385e-39
4.84969e-03 2.62509e-39
5.90784e-03 2.10554e-39
7.19686e-03 1.68538e-39
8.76712e-03 1.50798e-39
1.06800e-02 1.42896e-39
1.30103e-02 1.42738e-39
1.58489e-02 1.45795e-39
1.93070e-02 1.62020e-39
2.35195e-02 1.79549e-39
2.86512e-02 2.14692e-39
3.49025e-02 2.42772e-39
4.25179e-02 2.80344e-39
5.17947e-02 3.26769e-39
6.30957e-02 3.79713e-39
7.68625e-02 4.57725e-39
9.36329e-02 5.50090e-39
1.14062e-01 6.56640e-39
1.38950e-01 7.87325e-39
1.69267e-01 9.46429e-39
2.06199e-01 1.15816e-38
2.51189e-01 1.38732e-38
3.05995e-01 1.68116e-38
3.72759e-01 1.99199e-38
4.54091e-01 2.48344e-38
5.53168e-01 3.02618e-38
6.73863e-01 3.60756e-38
8.20891e-01 4.35099e-38
1.00000e+00 5.31533e-38
