1.00000e-02 3.91424e-28
1.22168e-02 1.88589e-28
1.49250e-02 9.36407e-29
1.82335e-02 5.09911e-29
2.22754e-02 2.89105e-29
2.72134e-02 1.80252e-29
3.32460e-02 1.27111e-29
4.06159e-02 8.07923e-30
4.96195e-02 1.20578e-30
6.06190e-02 2.86579e-31
7.40568e-02 9.26737e-32
9.04736e-02 4.65135e-32
1.10530e-01 2.67048e-32
1.35031e-01 1.81608e-32
1.64965e-01 1.22549e-32
2.01534e-01 9.99222e-33
2.46209e-01 8.33258e-33
3.00788e-01 6.57677e-33
3.67466e-01 6.14130e-33
4.48925e-01 5.40309e-33
5.48442e-01 4.57469e-33
6.70019e-01 3.83116e-33
8.18547e-01 3.29512e-33
1.00000e+00 2.54059e-33
