1.00000e-03 inf
1.25188e-03 inf
1.56719e-03 inf
1.96193e-03 inf
2.45609e-03 inf
3.07472e-03 inf
3.84916e-03 inf
4.81867e-03 inf
6.03237e-03 inf
7.55177e-03 inf
9.45387e-03 inf
1.18351e-02 inf
1.48160e-02 inf
1.85478e-02 1.99697e-27
2.32195e-02 6.81326e-32
2.90680e-02 6.39345e-34
3.63895e-02 1.48250e-35
4.55551e-02 4.35733e-37
5.70292e-02 3.73172e-38
7.13935e-02 6.93744e-39
8.93757e-02 1.39535e-39
1.11887e-01 2.60999e-40
1.40069e-01 7.71302e-41
1.75349e-01 3.32907e-41
2.19515e-01 1.57245e-41
2.74805e-01 9.33726e-42
3.44021e-01 4.85382e-42
4.30672e-01 1.65656e-42
5.39147e-01 6.53075e-43
6.74945e-01 3.42321e-43
8.44947e-01 1.72092e-43
1.05777e+00 1.01878e-43
1.32419e+00 6.47588e-44
1.65772e+00 4.45523e-44
2.07526e+00 3.39605e-44
2.59797e+00 2.92908e-44
3.25233e+00 2.79833e-44
4.07152e+00 2.80503e-44
5.09703e+00 3.08306e-44
6.38084e+00 3.56039e-44
7.98802e+00 4.22042e-44
1.00000e+01 5.09131e-44
