1.00000e-01 inf
1.21819e-01 inf
1.48398e-01 inf
1.80777e-01 7.63941e-39
2.20220e-01 1.30702e-39
2.68270e-01 2.98539e-40
3.26803e-01 1.00659e-40
3.98107e-01 4.12863e-41
4.84969e-01 2.19519e-41
5.90784e-01 1.07470e-41
7.19686e-01 5.07196e-42
8.76712e-01 2.27405e-42
1.06800e+00 1.29768e-42
1.30103e+00 7.79224e-43
1.58489e+00 5.19898e-43
1.93070e+00 3.65113e-43
2.35195e+00 2.69032e-43
2.86512e+00 2.06924e-43
3.49025e+00 1.64681e-43
4.25179e+00 1.34998e-43
5.17947e+00 1.13211e-43
6.30957e+00 9.65959e-44
7.68625e+00 8.38171e-44
9.36329e+00 7.36924e-44
1.14062e+01 6.56203e-44
1.38950e+01 5.92744e-44
1.69267e+01 5.43877e-44
2.06199e+01 5.08580e-44
2.51189e+01 4.85297e-44
3.05995e+01 4.73460e-44
3.72759e+01 4.72486e-44
4.54091e+01 4.82869e-44
5.53168e+01 5.06014e-44
6.73863e+01 5.43719e-44
8.20891e+01 5.97728e-44
1.00000e+02 6.70280e-44
