1.00000e-05 inf
1.21648e-05 inf
1.47983e-05 inf
1.80019e-05 inf
2.18991e-05 inf
2.66399e-05 inf
3.24070e-05 inf
3.94225e-05 inf
4.79569e-05 inf
5.83388e-05 inf
7.09682e-05 inf
8.63317e-05 inf
1.05021e-04 inf
1.27756e-04 inf
1.55414e-04 3.33490e-08
1.89058e-04 8.27875e-10
2.29986e-04 5.09555e-11
2.79775e-04 4.46140e-12
3.40341e-04 4.76414e-13
4.14020e-04 5.75862e-14
5.03649e-04 7.51194e-15
6.12680e-04 1.02393e-15
7.45316e-04 1.46009e-16
9.06665e-04 2.14063e-17
1.10294e-03 3.20796e-18
1.34171e-03 4.89380e-19
1.63217e-03 7.57332e-20
1.98551e-03 1.19429e-20
2.41534e-03 1.89601e-21
2.93823e-03 2.99118e-22
3.57430e-03 4.67655e-23
4.34808e-03 7.21049e-24
5.28937e-03 1.10220e-24
6.43444e-03 1.65172e-25
7.82739e-03 2.45932e-26
9.52190e-03 3.68740e-27
1.15832e-02 5.70265e-28
1.40908e-02 9.39847e-29
1.71413e-02 1.72352e-29
2.08521e-02 3.70525e-30
2.53662e-02 9.66003e-31
3.08576e-02 3.19542e-31
3.75377e-02 3.10203e-32
4.56641e-02 2.76088e-33
5.55496e-02 5.00994e-34
6.75752e-02 1.48375e-34
8.22041e-02 6.24668e-35
1.00000e-01 3.23656e-35
1.23285e-01 1.49338e-35
1.51991e-01 7.23341e-36
1.87382e-01 4.05057e-36
2.31013e-01 2.90508e-36
2.84804e-01 2.69337e-36
3.51119e-01 2.47603e-36
4.32876e-01 1.81597e-36
5.33670e-01 2.01730e-36
6.57933e-01 1.53014e-36
8.11131e-01 1.22556e-36
1.00000e+00 1.26538e-36
