1.00000e-05 inf
1.23285e-05 inf
1.51991e-05 inf
1.87382e-05 inf
2.31013e-05 inf
2.84804e-05 1.18870e-26
3.51119e-05 9.67930e-28
4.32876e-05 4.22589e-29
5.33670e-05 7.12609e-30
6.57933e-05 3.07849e-30
8.11131e-05 1.98610e-30
1.00000e-04 1.60874e-30
1.21819e-04 1.50796e-30
1.48398e-04 1.55346e-30
1.80777e-04 1.71214e-30
2.20220e-04 1.99727e-30
2.68270e-04 2.43921e-30
3.26803e-04 2.99454e-30
3.98107e-04 3.77767e-30
4.84969e-04 4.78417e-30
5.90784e-04 6.05869e-30
7.19686e-04 7.76568e-30
8.76712e-04 9.68578e-30
1.06800e-03 1.22152e-29
1.30103e-03 1.52063e-29
1.58489e-03 1.90472e-29
1.93070e-03 2.34481e-29
2.35195e-03 2.85348e-29
2.86512e-03 3.46825e-29
3.49025e-03 4.21901e-29
4.25179e-03 5.07093e-29
5.17947e-03 6.11609e-29
6.30957e-03 7.31382e-29
7.68625e-03 8.79258e-29
9.36329e-03 1.04328e-28
1.14062e-02 1.22042e-28
1.38950e-02 1.42860e-28
1.69267e-02 1.67858e-28
2.06199e-02 1.97131e-28
2.51189e-02 2.31267e-28
3.05995e-02 2.23189e-28
3.72759e-02 1.85517e-28
4.54091e-02 1.32360e-28
5.53168e-02 3.43607e-29
6.73863e-02 1.25035e-29
8.20891e-02 6.07159e-30
1.00000e-01 3.11598e-30
