1.00000e-03 inf
1.21819e-03 inf
1.48398e-03 1.13274e-35
1.80777e-03 7.12906e-38
2.20220e-03 8.22793e-39
2.68270e-03 2.36646e-39
3.26803e-03 1.04385e-39
3.98107e-03 6.29141e-40
4.84969e-03 4.40529e-40
5.90784e-03 3.57258e-40
7.19686e-03 3.16855e-40
8.76712e-03 3.03537e-40
1.06800e-02 3.08227e-40
1.30103e-02 3.17598e-40
1.58489e-02 3.50316e-40
1.93070e-02 3.86481e-40
2.35195e-02 4.42224e-40
2.86512e-02 5.03119e-40
3.49025e-02 5.82892e-40
4.25179e-02 6.77933e-40
5.17947e-02 8.13664e-40
6.30957e-02 9.78682e-40
7.68625e-02 1.19035e-39
9.36329e-02 1.39293e-39
1.14062e-01 1.67499e-39
1.38950e-01 2.03461e-39
1.69267e-01 2.51280e-39
2.06199e-01 2.95057e-39
2.51189e-01 3.64056e-39
3.05995e-01 4.29951e-39
3.72759e-01 5.32947e-39
4.54091e-01 6.42589e-39
5.53168e-01 7.91660e-39
6.73863e-01 9.37942e-39
8.20891e-01 1.16376e-38
1.00000e+00 1.42141e-38
