1.00000e-01 inf
1.21819e-01 inf
1.48398e-01 inf
1.80777e-01 1.56115e-38
2.20220e-01 1.92763e-39
2.68270e-01 4.14195e-40
3.26803e-01 1.44268e-40
3.98107e-01 5.96092e-41
4.84969e-01 3.01379e-41
5.90784e-01 1.53205e-41
7.19686e-01 7.24329e-42
8.76712e-01 3.24328e-42
1.06800e+00 1.75853e-42
1.30103e+00 1.06861e-42
1.58489e+00 6.73941e-43
1.93070e+00 4.54080e-43
2.35195e+00 3.18817e-43
2.86512e+00 2.34243e-43
3.49025e+00 1.80544e-43
4.25179e+00 1.44207e-43
5.17947e+00 1.18697e-43
6.30957e+00 9.99392e-44
7.68625e+00 8.58522e-44
9.36329e+00 7.48461e-44
1.14062e+01 6.63695e-44
1.38950e+01 5.97473e-44
1.69267e+01 5.46954e-44
2.06199e+01 5.10563e-44
2.51189e+01 4.86375e-44
3.05995e+01 4.74247e-44
3.72759e+01 4.73208e-44
4.54091e+01 4.83329e-44
5.53168e+01 5.06585e-44
6.73863e+01 5.44237e-44
8.20891e+01 5.98080e-44
1.00000e+02 6.70767e-44
