1.00000e-03 1.61438e-31
1.21819e-03 2.00876e-31
1.48398e-03 2.47272e-31
1.80777e-03 3.10771e-31
2.20220e-03 3.79523e-31
2.68270e-03 4.61196e-31
3.26803e-03 5.51577e-31
3.98107e-03 6.85139e-31
4.84969e-03 8.22487e-31
5.90784e-03 9.75166e-31
7.19686e-03 1.16584e-30
8.76712e-03 1.40520e-30
1.06800e-02 1.62715e-30
1.30103e-02 1.91496e-30
1.58489e-02 2.22995e-30
1.93070e-02 2.62287e-30
2.35195e-02 3.09400e-30
2.86512e-02 3.71834e-30
3.49025e-02 4.36232e-30
4.25179e-02 5.26731e-30
5.17947e-02 3.06808e-30
6.30957e-02 1.06444e-30
7.68625e-02 4.46454e-31
9.36329e-02 2.20048e-31
1.14062e-01 1.41623e-31
1.38950e-01 1.10102e-31
1.69267e-01 8.60984e-32
2.06199e-01 6.56614e-32
2.51189e-01 5.90261e-32
3.05995e-01 5.01992e-32
3.72759e-01 3.34918e-32
4.54091e-01 2.82862e-32
5.53168e-01 2.85416e-32
6.73863e-01 2.13471e-32
8.20891e-01 1.84263e-32
1.00000e+00 1.64984e-32
