2.00000e-11 inf
2.09814e-11 inf
2.20110e-11 inf
2.30910e-11 inf
2.42241e-11 inf
2.54128e-11 inf
2.66598e-11 inf
2.79680e-11 inf
2.93404e-11 inf
3.07801e-11 inf
3.22905e-11 inf
3.38750e-11 inf
3.55373e-11 inf
3.72811e-11 inf
3.91105e-11 inf
4.10297e-11 inf
4.30430e-11 2.86926e-09
4.51551e-11 1.26089e-09
4.73709e-11 3.18576e-10
4.96954e-11 6.73469e-10
5.21339e-11 7.00634e-10
5.46922e-11 4.18620e-10
5.73759e-11 2.45507e-10
6.01913e-11 5.48041e-11
6.31449e-11 3.65644e-10
6.62435e-11 4.65832e-10
6.94941e-11 4.03614e-10
7.29041e-11 3.20304e-10
7.64816e-11 1.77644e-10
8.02345e-11 2.35595e-10
8.41716e-11 2.04350e-10
8.83019e-11 1.55599e-10
9.26349e-11 1.14791e-10
9.71805e-11 8.00665e-11
1.01949e-10 5.00997e-11
1.06952e-10 2.40983e-11
1.12200e-10 4.02567e-12
1.17706e-10 1.96840e-11
1.23482e-10 3.71882e-11
1.29541e-10 5.26482e-11
1.35897e-10 6.61926e-11
1.42566e-10 7.79847e-11
1.49562e-10 8.81785e-11
1.56901e-10 9.69049e-11
1.64600e-10 1.04279e-10
1.72677e-10 1.10401e-10
1.81150e-10 1.15363e-10
1.90039e-10 1.19242e-10
1.99364e-10 1.22116e-10
2.09147e-10 inf
2.19410e-10 inf
2.30176e-10 inf
2.41471e-10 inf
2.53320e-10 inf
2.65751e-10 inf
2.78791e-10 inf
2.92471e-10 inf
3.06823e-10 inf
3.21879e-10 inf
3.37673e-10 inf
3.54243e-10 inf
3.71626e-10 inf
3.89862e-10 inf
4.08992e-10 inf
4.29062e-10 inf
4.50116e-10 inf
4.72203e-10 inf
4.95374e-10 inf
5.19682e-10 inf
5.45183e-10 inf
5.71935e-10 inf
6.00000e-10 inf
5.00000e-09 inf
5.24535e-09 inf
5.50274e-09 inf
5.77276e-09 inf
6.05603e-09 inf
6.35320e-09 inf
6.66495e-09 inf
6.99200e-09 inf
7.33510e-09 inf
7.69504e-09 inf
8.07263e-09 inf
8.46876e-09 inf
8.88432e-09 3.06601e-14
9.32028e-09 2.03135e-14
9.77762e-09 1.72302e-14
1.02574e-08 1.62313e-14
1.07607e-08 1.55537e-14
1.12888e-08 1.42972e-14
1.18427e-08 1.29455e-14
1.24238e-08 1.16057e-14
1.30335e-08 1.04025e-14
1.36730e-08 9.37728e-15
1.43440e-08 8.60153e-15
1.50478e-08 8.04002e-15
1.57862e-08 7.66015e-15
1.65609e-08 7.39039e-15
1.73735e-08 7.26196e-15
1.82260e-08 6.84988e-15
1.91204e-08 6.53174e-15
2.00586e-08 6.00593e-15
2.10429e-08 5.36888e-15
2.20755e-08 4.59503e-15
2.31587e-08 3.84265e-15
2.42951e-08 3.28602e-15
2.54873e-08 3.12445e-15
2.67380e-08 3.30214e-15
2.80500e-08 3.53844e-15
2.94264e-08 3.73504e-15
3.08704e-08 3.91489e-15
3.23852e-08 4.09567e-15
3.39743e-08 4.27851e-15
3.56415e-08 4.45604e-15
3.73904e-08 4.62210e-15
3.92251e-08 4.77718e-15
4.11499e-08 4.92845e-15
4.31692e-08 5.08732e-15
4.52875e-08 5.26464e-15
4.75097e-08 5.46719e-15
4.98411e-08 5.69652e-15
5.22868e-08 5.94957e-15
5.48525e-08 6.22115e-15
5.75441e-08 6.50496e-15
6.03678e-08 6.79532e-15
6.33300e-08 7.08845e-15
6.64377e-08 7.38649e-15
6.96978e-08 7.71427e-15
7.31178e-08 8.17441e-15
7.67057e-08 8.62199e-15
8.04697e-08 7.29365e-15
8.44184e-08 7.94544e-15
8.85608e-08 8.29515e-15
9.29065e-08 8.50300e-15
9.74654e-08 8.85782e-15
1.02248e-07 inf
1.07265e-07 inf
1.12529e-07 inf
1.18051e-07 inf
1.23843e-07 inf
1.29921e-07 inf
1.36296e-07 inf
1.42984e-07 inf
1.50000e-07 inf
