1.00000e-06 inf
1.25485e-06 inf
1.57465e-06 inf
1.97594e-06 inf
2.47951e-06 inf
3.11141e-06 inf
3.90435e-06 inf
4.89938e-06 inf
6.14798e-06 inf
7.71479e-06 inf
9.68089e-06 inf
1.21481e-05 inf
1.52440e-05 inf
1.91289e-05 inf
2.40039e-05 inf
3.01213e-05 inf
3.77976e-05 inf
4.74304e-05 inf
5.95179e-05 inf
7.46860e-05 inf
9.37197e-05 inf
1.17604e-04 inf
1.47575e-04 inf
1.85185e-04 3.39255e+02
2.32379e-04 1.23706e-01
2.91601e-04 8.52231e-04
3.65915e-04 1.57237e-05
4.59168e-04 4.38416e-07
5.76187e-04 1.52728e-08
7.23028e-04 6.11318e-10
9.07291e-04 2.66706e-11
1.13851e-03 1.23468e-12
1.42866e-03 6.07624e-14
1.79276e-03 3.20242e-15
2.24964e-03 1.83132e-16
2.82296e-03 1.12834e-17
3.54239e-03 7.49556e-19
4.44516e-03 5.21674e-20
5.57800e-03 3.74286e-21
6.99955e-03 2.70274e-22
8.78339e-03 1.92228e-23
1.10218e-02 1.39520e-24
1.38307e-02 1.09938e-25
1.73555e-02 1.02505e-26
2.17785e-02 1.45847e-27
2.73287e-02 2.39890e-28
3.42935e-02 5.73447e-29
4.30331e-02 4.29235e-30
5.40001e-02 4.87743e-31
6.77620e-02 1.10787e-31
8.50310e-02 4.12392e-32
1.06701e-01 2.07906e-32
1.33894e-01 1.25536e-32
1.68017e-01 6.99720e-33
2.10835e-01 4.13618e-33
2.64567e-01 2.86602e-33
3.31991e-01 2.31566e-33
4.16599e-01 1.84575e-33
5.22769e-01 1.44934e-33
6.55996e-01 1.27420e-33
8.23176e-01 9.67882e-34
1.03296e+00 6.99117e-34
1.29621e+00 5.44042e-34
1.62655e+00 3.69434e-34
2.04108e+00 2.48265e-34
2.56124e+00 1.57569e-34
3.21397e+00 9.93708e-35
4.03305e+00 6.02620e-35
5.06087e+00 3.61729e-35
6.35063e+00 1.86669e-35
7.96908e+00 1.20075e-35
1.00000e+01 6.88244e-36
