1.00000e-05 inf
1.21648e-05 inf
1.47983e-05 inf
1.80019e-05 inf
2.18991e-05 inf
2.66399e-05 inf
3.24070e-05 inf
3.94225e-05 inf
4.79569e-05 8.41057e-19
5.83388e-05 1.49855e-20
7.09682e-05 1.70045e-21
8.63317e-05 3.50940e-22
1.05021e-04 9.78434e-23
1.27756e-04 3.27301e-23
1.55414e-04 1.24739e-23
1.89058e-04 5.18695e-24
2.29986e-04 2.18313e-26
2.79775e-04 1.56747e-27
3.40341e-04 4.16446e-28
4.14020e-04 1.85007e-28
5.03649e-04 1.07304e-28
6.12680e-04 7.26860e-29
7.45316e-04 5.39509e-29
9.06665e-04 4.15532e-29
1.10294e-03 3.26084e-29
1.34171e-03 2.60390e-29
1.63217e-03 2.10163e-29
1.98551e-03 1.70350e-29
2.41534e-03 1.37510e-29
2.93823e-03 1.12510e-29
3.57430e-03 9.17552e-30
4.34808e-03 7.54054e-30
5.28937e-03 6.10723e-30
6.43444e-03 5.01782e-30
7.82739e-03 4.08141e-30
9.52190e-03 3.33794e-30
1.15832e-02 2.76077e-30
1.40908e-02 2.33261e-30
1.71413e-02 2.02677e-30
2.08521e-02 1.85387e-30
2.53662e-02 1.80099e-30
3.08576e-02 1.75578e-30
3.75377e-02 4.38760e-31
4.56641e-02 7.88255e-32
5.55496e-02 1.70140e-32
6.75752e-02 5.78099e-33
8.22041e-02 2.03905e-33
1.00000e-01 1.16011e-33
