1.00000e-05 inf
1.21547e-05 inf
1.47738e-05 inf
1.79571e-05 inf
2.18264e-05 inf
2.65295e-05 inf
3.22459e-05 inf
3.91941e-05 inf
4.76394e-05 inf
5.79044e-05 inf
7.03814e-05 inf
8.55467e-05 inf
1.03980e-04 inf
1.26385e-04 inf
1.53617e-04 1.57370e-07
1.86718e-04 1.01651e-08
2.26951e-04 8.25139e-10
2.75853e-04 6.84094e-11
3.35292e-04 6.92920e-12
4.07539e-04 7.69663e-13
4.95354e-04 9.07408e-14
6.02089e-04 1.10661e-14
7.31824e-04 1.39940e-15
8.89513e-04 1.82465e-16
1.08118e-03 2.46868e-17
1.31415e-03 3.48190e-18
1.59731e-03 5.22270e-19
1.94149e-03 8.41196e-20
2.35983e-03 1.45217e-20
2.86832e-03 2.69564e-21
3.48637e-03 5.33140e-22
4.23759e-03 1.10972e-22
5.15068e-03 2.40781e-23
6.26052e-03 5.32118e-24
7.60950e-03 1.18910e-24
9.24915e-03 2.65517e-25
1.12421e-02 6.00636e-26
1.36645e-02 1.41636e-26
1.66088e-02 3.61028e-27
2.01876e-02 1.05239e-27
2.45375e-02 3.52279e-28
2.98247e-02 1.41462e-28
3.62512e-02 6.93797e-29
4.40624e-02 8.99999e-30
5.35567e-02 1.52588e-30
6.50968e-02 4.24581e-31
7.91234e-02 1.55812e-31
9.61725e-02 8.24212e-32
1.16895e-01 5.07524e-32
1.42083e-01 3.37641e-32
1.72698e-01 2.40589e-32
2.09910e-01 1.99764e-32
2.55141e-01 1.61384e-32
3.10117e-01 1.26733e-32
3.76939e-01 1.04632e-32
4.58160e-01 8.53270e-33
5.56881e-01 7.04292e-33
6.76875e-01 6.36979e-33
8.22724e-01 5.00449e-33
1.00000e+00 3.79967e-33
