3.00000e-05 inf
3.47395e-05 inf
4.02278e-05 inf
4.65831e-05 inf
5.39425e-05 inf
6.24646e-05 inf
7.23330e-05 inf
8.37604e-05 inf
9.69932e-05 inf
1.12317e-04 inf
1.30061e-04 inf
1.50608e-04 inf
1.74402e-04 inf
2.01955e-04 1.75664e-01
2.33860e-04 3.14775e-03
2.70806e-04 1.19752e-04
3.13590e-04 7.89226e-06
3.63132e-04 6.92618e-07
4.20501e-04 7.29233e-08
4.86933e-04 8.73188e-09
5.63860e-04 1.12681e-09
6.52941e-04 1.54398e-10
7.56095e-04 2.20264e-11
8.75546e-04 3.22443e-12
1.01387e-03 4.78193e-13
1.17404e-03 7.11690e-14
1.35952e-03 1.05833e-14
1.57431e-03 1.56879e-15
1.82302e-03 2.33419e-16
2.11103e-03 3.45281e-17
2.44454e-03 5.02667e-18
2.83074e-03 7.25803e-19
3.27795e-03 1.03884e-19
3.79581e-03 1.46881e-20
4.39549e-03 2.07340e-21
5.08990e-03 2.87370e-22
5.89402e-03 3.98172e-23
6.82518e-03 5.51264e-24
7.90345e-03 7.60078e-25
9.15207e-03 1.06052e-25
1.05980e-02 1.50939e-26
1.22723e-02 2.23021e-27
1.42111e-02 3.49328e-28
1.64562e-02 6.05487e-29
1.90560e-02 1.36540e-29
2.20666e-02 3.09274e-30
2.55527e-02 7.84921e-31
2.95896e-02 2.39979e-31
3.42643e-02 5.27081e-32
3.96775e-02 5.80712e-33
4.59459e-02 9.60836e-34
5.32047e-02 2.37894e-34
6.16101e-02 8.55604e-35
7.13435e-02 3.81351e-35
8.26147e-02 2.16883e-35
9.56665e-02 1.25760e-35
1.10780e-01 5.46821e-36
1.28282e-01 2.80946e-36
1.48548e-01 1.79599e-36
1.72016e-01 1.22074e-36
1.99192e-01 9.36854e-37
2.30661e-01 8.00526e-37
2.67102e-01 7.21563e-37
3.09300e-01 5.92161e-37
3.58164e-01 5.68137e-37
4.14749e-01 4.72603e-37
4.80272e-01 4.47614e-37
5.56147e-01 3.07716e-37
6.44010e-01 2.60372e-37
7.45753e-01 2.26413e-37
8.63570e-01 2.05628e-37
1.00000e+00 1.61438e-37
