1.00000e-05 inf
1.21547e-05 inf
1.47738e-05 inf
1.79571e-05 inf
2.18264e-05 inf
2.65295e-05 inf
3.22459e-05 inf
3.91941e-05 1.14694e-28
4.76394e-05 4.70765e-30
5.79044e-05 1.48232e-30
7.03814e-05 7.91197e-31
8.55467e-05 5.64918e-31
1.03980e-04 4.87727e-31
1.26385e-04 4.60595e-31
1.53617e-04 4.79273e-31
1.86718e-04 5.40675e-31
2.26951e-04 6.24725e-31
2.75853e-04 7.55382e-31
3.35292e-04 9.47543e-31
4.07539e-04 1.17575e-30
4.95354e-04 1.50128e-30
6.02089e-04 1.91826e-30
7.31824e-04 2.43219e-30
8.89513e-04 3.03816e-30
1.08118e-03 3.75783e-30
1.31415e-03 4.68520e-30
1.59731e-03 5.78932e-30
1.94149e-03 7.27405e-30
2.35983e-03 8.71207e-30
2.86832e-03 1.05113e-29
3.48637e-03 1.27591e-29
4.23759e-03 1.57738e-29
5.15068e-03 1.81438e-29
6.26052e-03 2.20341e-29
7.60950e-03 2.60017e-29
9.24915e-03 3.13164e-29
1.12421e-02 3.71566e-29
1.36645e-02 4.27191e-29
1.66088e-02 5.16943e-29
2.01876e-02 6.04101e-29
2.45375e-02 7.05992e-29
2.98247e-02 5.79807e-29
3.62512e-02 4.58139e-29
4.40624e-02 3.82303e-29
5.35567e-02 3.00156e-29
6.50968e-02 1.73805e-29
7.91234e-02 1.07435e-29
9.61725e-02 7.57612e-30
1.16895e-01 5.23649e-30
1.42083e-01 4.33253e-30
1.72698e-01 2.76094e-30
2.09910e-01 2.49796e-30
2.55141e-01 2.19868e-30
3.10117e-01 2.06617e-30
3.76939e-01 1.83553e-30
4.58160e-01 1.69825e-30
5.56881e-01 1.44285e-30
6.76875e-01 1.25449e-30
8.22724e-01 1.01583e-30
1.00000e+00 8.37011e-31
