1.00000e-03 inf
1.21819e-03 inf
1.48398e-03 2.77475e-35
1.80777e-03 2.80381e-37
2.20220e-03 3.83971e-38
2.68270e-03 1.19810e-38
3.26803e-03 5.67591e-39
3.98107e-03 3.47268e-39
4.84969e-03 2.55343e-39
5.90784e-03 2.12131e-39
7.19686e-03 1.92758e-39
8.76712e-03 1.86780e-39
1.06800e-02 1.89436e-39
1.30103e-02 2.04147e-39
1.58489e-02 2.23147e-39
1.93070e-02 2.47994e-39
2.35195e-02 2.85671e-39
2.86512e-02 3.29461e-39
3.49025e-02 3.86963e-39
4.25179e-02 4.55021e-39
5.17947e-02 5.42035e-39
6.30957e-02 6.44603e-39
7.68625e-02 7.78831e-39
9.36329e-02 9.31658e-39
1.14062e-01 1.11781e-38
1.38950e-01 1.34721e-38
1.69267e-01 1.63187e-38
2.06199e-01 1.98015e-38
2.51189e-01 2.40257e-38
3.05995e-01 2.94170e-38
3.72759e-01 3.52893e-38
4.54091e-01 4.34426e-38
5.53168e-01 5.25961e-38
6.73863e-01 6.37893e-38
8.20891e-01 7.73396e-38
1.00000e+00 9.46097e-38
