1.00000e-05 inf
1.21648e-05 inf
1.47983e-05 inf
1.80019e-05 inf
2.18991e-05 inf
2.66399e-05 inf
3.24070e-05 inf
3.94225e-05 inf
4.79569e-05 inf
5.83388e-05 inf
7.09682e-05 1.35249e-10
8.63317e-05 1.02407e-12
1.05021e-04 4.58136e-14
1.27756e-04 4.05167e-15
1.55414e-04 5.01794e-16
1.89058e-04 7.04948e-17
2.29986e-04 1.11974e-17
2.79775e-04 1.92285e-18
3.40341e-04 3.44742e-19
4.14020e-04 6.35646e-20
5.03649e-04 1.21577e-20
6.12680e-04 2.33745e-21
7.45316e-04 4.63877e-22
9.06665e-04 9.27913e-23
1.10294e-03 1.84091e-23
1.34171e-03 3.65037e-24
1.63217e-03 7.12576e-25
1.98551e-03 1.46758e-25
2.41534e-03 2.95920e-26
2.93823e-03 6.28537e-27
3.57430e-03 1.40421e-27
4.34808e-03 3.25440e-28
5.28937e-03 7.77648e-29
6.43444e-03 1.94509e-29
7.82739e-03 5.03088e-30
9.52190e-03 1.34789e-30
1.15832e-02 3.73607e-31
1.40908e-02 1.09189e-31
1.71413e-02 3.49773e-32
2.08521e-02 1.25453e-32
2.53662e-02 5.10636e-33
3.08576e-02 2.11675e-33
3.75377e-02 3.36953e-34
4.56641e-02 3.88420e-35
5.55496e-02 6.47247e-36
6.75752e-02 1.47355e-36
8.22041e-02 3.25180e-37
1.00000e-01 1.32980e-37
