1.00000e-06 inf
1.25485e-06 inf
1.57465e-06 inf
1.97594e-06 inf
2.47951e-06 inf
3.11141e-06 inf
3.90435e-06 inf
4.89938e-06 inf
6.14798e-06 inf
7.71479e-06 inf
9.68089e-06 inf
1.21481e-05 inf
1.52440e-05 inf
1.91289e-05 inf
2.40039e-05 6.77025e-24
3.01213e-05 4.60441e-28
3.77976e-05 5.51653e-29
4.74304e-05 1.56887e-30
5.95179e-05 4.33494e-31
7.46860e-05 2.30576e-31
9.37197e-05 1.68482e-31
1.17604e-04 1.50407e-31
1.47575e-04 1.55050e-31
1.85185e-04 1.75131e-31
2.32379e-04 2.11367e-31
2.91601e-04 2.65041e-31
3.65915e-04 3.42452e-31
4.59168e-04 4.46238e-31
5.76187e-04 5.89548e-31
7.23028e-04 7.77087e-31
9.07291e-04 1.01411e-30
1.13851e-03 1.31680e-30
1.42866e-03 1.69867e-30
1.79276e-03 2.15256e-30
2.24964e-03 2.74092e-30
2.82296e-03 3.41899e-30
3.54239e-03 4.25633e-30
4.44516e-03 5.31204e-30
5.57800e-03 6.58120e-30
6.99955e-03 8.05493e-30
8.78339e-03 9.81276e-30
1.10218e-02 1.18377e-29
1.38307e-02 1.42498e-29
1.73555e-02 1.72072e-29
2.17785e-02 2.05125e-29
2.73287e-02 2.46502e-29
3.42935e-02 1.97590e-29
4.30331e-02 1.66231e-29
5.40001e-02 4.25893e-30
6.77620e-02 1.26211e-30
8.50310e-02 5.28807e-31
1.06701e-01 2.80457e-31
1.33894e-01 1.83105e-31
1.68017e-01 1.33498e-31
2.10835e-01 1.00944e-31
2.64567e-01 8.77552e-32
3.31991e-01 7.79188e-32
4.16599e-01 6.92076e-32
5.22769e-01 4.33808e-32
6.55996e-01 3.54109e-32
8.23176e-01 2.97730e-32
1.03296e+00 2.48115e-32
1.29621e+00 1.77490e-32
1.62655e+00 1.28553e-32
2.04108e+00 8.31097e-33
2.56124e+00 5.42550e-33
3.21397e+00 3.58686e-33
4.03305e+00 2.10410e-33
5.06087e+00 1.34617e-33
6.35063e+00 7.37574e-34
7.96908e+00 2.78326e-34
1.00000e+01 7.42094e-35
