1.00000e-02 1.11953e-31
1.22168e-02 2.54933e-32
1.49250e-02 6.14897e-33
1.82335e-02 1.69302e-33
2.22754e-02 5.30332e-34
2.72134e-02 1.97643e-34
3.32460e-02 5.25716e-35
4.06159e-02 2.90009e-36
4.96195e-02 2.56944e-37
6.06190e-02 4.16029e-38
7.40568e-02 9.41220e-39
9.04736e-02 2.67838e-39
1.10530e-01 1.06368e-39
1.35031e-01 3.80848e-40
1.64965e-01 2.08345e-40
2.01534e-01 9.35071e-41
2.46209e-01 5.76876e-41
3.00788e-01 3.33247e-41
3.67466e-01 1.94141e-41
4.48925e-01 1.45491e-41
5.48442e-01 1.18798e-41
6.70019e-01 8.37245e-42
8.18547e-01 6.72464e-42
1.00000e+00 5.63043e-42
