1.00000e-01 inf
1.14137e-01 inf
1.30272e-01 inf
1.48688e-01 inf
1.69707e-01 inf
1.93698e-01 inf
2.21080e-01 inf
2.52333e-01 inf
2.88004e-01 5.13430e-36
3.28718e-01 1.79447e-36
3.75188e-01 1.19696e-37
4.28227e-01 3.48412e-38
4.88763e-01 1.49329e-38
5.57858e-01 8.85409e-39
6.36720e-01 5.24393e-39
7.26731e-01 3.61361e-39
8.29465e-01 2.46623e-39
9.46724e-01 1.75218e-39
1.08056e+00 1.19665e-39
1.23331e+00 7.87095e-40
1.40766e+00 4.97658e-40
1.60666e+00 3.16230e-40
1.83378e+00 1.97965e-40
2.09302e+00 1.23610e-40
2.38890e+00 7.83122e-41
2.72661e+00 5.11817e-41
3.11205e+00 3.47397e-41
3.55199e+00 2.59437e-41
4.05412e+00 2.05826e-41
4.62724e+00 1.76558e-41
5.28137e+00 1.61549e-41
6.02798e+00 1.55802e-41
6.88013e+00 1.57758e-41
7.85274e+00 1.63863e-41
8.96286e+00 1.74981e-41
1.02299e+01 1.89979e-41
1.16761e+01 2.09191e-41
1.33267e+01 2.33381e-41
1.52106e+01 2.62712e-41
1.73608e+01 2.95984e-41
1.98151e+01 3.34906e-41
2.26163e+01 3.83882e-41
2.58134e+01 4.38607e-41
2.94626e+01 4.97474e-41
3.36276e+01 5.75288e-41
3.83813e+01 6.66647e-41
4.38072e+01 7.67784e-41
5.00000e+01 8.73276e-41
