1.00000e-03 5.27223e-20
1.21648e-03 5.03440e-21
1.47983e-03 5.08539e-22
1.80019e-03 5.51839e-23
2.18991e-03 6.51572e-24
2.66399e-03 8.19504e-25
3.24070e-03 1.11583e-25
3.94225e-03 1.61396e-26
4.79569e-03 2.43791e-27
5.83388e-03 3.81465e-28
7.09682e-03 6.04850e-29
8.63317e-03 9.70046e-30
1.05021e-02 1.56359e-30
1.27756e-02 2.64953e-31
1.55414e-02 4.88228e-32
1.89058e-02 1.02314e-32
2.29986e-02 2.49317e-33
2.79775e-02 7.28129e-34
3.40341e-02 1.47207e-34
4.14020e-02 7.40472e-36
5.03649e-02 6.89930e-37
6.12680e-02 1.12804e-37
7.45316e-02 2.75434e-38
9.06665e-02 8.97815e-39
1.10294e-01 3.36896e-39
1.34171e-01 1.39976e-39
1.63217e-01 6.10823e-40
1.98551e-01 3.30726e-40
2.41534e-01 1.64835e-40
2.93823e-01 8.94313e-41
3.57430e-01 5.28812e-41
4.34808e-01 3.81312e-41
5.28937e-01 2.80367e-41
6.43444e-01 2.16967e-41
7.82739e-01 1.69099e-41
9.52190e-01 1.40081e-41
1.15832e+00 1.14517e-41
1.40908e+00 9.33176e-42
1.71413e+00 7.84196e-42
2.08521e+00 6.81093e-42
2.53662e+00 6.18633e-42
3.08576e+00 5.98829e-42
3.75377e+00 6.11711e-42
4.56641e+00 6.55880e-42
5.55496e+00 7.29643e-42
6.75752e+00 8.31547e-42
8.22041e+00 9.72419e-42
1.00000e+01 1.15479e-41
