7.26519e-02 2.09186e-30
7.38723e-02 1.54746e-30
7.51133e-02 1.15085e-30
7.63751e-02 7.91246e-31
7.76582e-02 5.37703e-31
7.89627e-02 3.74428e-31
8.02892e-02 2.69431e-31
8.16380e-02 2.00087e-31
8.30094e-02 1.47275e-31
8.44039e-02 1.07256e-31
8.58218e-02 7.90795e-32
8.72635e-02 5.94802e-32
8.87295e-02 4.55733e-32
9.02200e-02 3.51051e-32
9.17356e-02 2.73102e-32
9.32767e-02 2.15414e-32
9.48436e-02 1.72390e-32
9.64369e-02 1.39596e-32
9.80570e-02 1.14241e-32
9.97042e-02 9.44040e-33
1.01379e-01 7.87905e-33
1.03082e-01 6.63955e-33
1.04814e-01 5.64749e-33
1.06575e-01 4.81803e-33
1.08365e-01 3.84036e-33
1.10185e-01 3.10151e-33
1.12036e-01 2.53856e-33
1.13918e-01 2.06123e-33
1.15832e-01 1.66010e-33
1.17778e-01 1.35199e-33
1.19757e-01 1.11304e-33
1.21768e-01 9.25471e-34
1.23814e-01 7.77132e-34
1.25894e-01 6.57893e-34
1.28009e-01 5.60203e-34
1.30159e-01 4.80084e-34
1.32346e-01 4.14523e-34
1.34569e-01 3.58673e-34
1.36830e-01 3.09781e-34
1.39128e-01 2.67993e-34
1.41465e-01 2.33188e-34
1.43842e-01 2.03920e-34
1.46258e-01 1.64235e-34
1.48715e-01 1.34101e-34
1.51214e-01 1.10622e-34
1.53754e-01 9.19179e-35
1.56337e-01 7.69276e-35
1.58963e-01 6.50744e-35
1.61633e-01 5.55024e-35
1.64349e-01 4.76902e-35
1.67110e-01 4.12395e-35
1.69917e-01 3.58571e-35
1.72771e-01 3.13305e-35
1.75674e-01 2.74972e-35
1.78625e-01 2.42467e-35
1.81625e-01 2.14331e-35
1.84677e-01 1.89913e-35
1.87779e-01 1.68792e-35
1.90933e-01 1.50554e-35
1.94141e-01 1.34527e-35
1.97402e-01 1.20752e-35
2.00718e-01 1.08872e-35
2.04090e-01 9.85727e-36
2.07519e-01 8.95010e-36
2.11005e-01 8.16009e-36
2.14550e-01 7.46952e-36
2.18154e-01 6.86168e-36
2.21819e-01 6.31469e-36
2.25545e-01 5.82743e-36
2.29334e-01 5.39706e-36
2.33186e-01 5.01600e-36
2.37104e-01 4.67623e-36
2.41087e-01 4.36320e-36
2.45137e-01 4.08083e-36
2.49255e-01 3.82099e-36
2.53442e-01 3.57896e-36
2.57700e-01 3.35771e-36
2.62029e-01 3.15995e-36
2.66430e-01 2.98286e-36
2.70906e-01 2.82403e-36
2.75457e-01 2.68137e-36
2.80085e-01 2.55309e-36
2.84790e-01 2.43759e-36
2.89574e-01 2.33349e-36
2.94438e-01 2.23962e-36
2.99385e-01 2.15287e-36
3.04414e-01 2.06250e-36
3.09528e-01 1.97941e-36
3.14728e-01 1.90291e-36
3.20015e-01 1.83378e-36
3.25391e-01 1.76949e-36
3.30857e-01 1.71056e-36
3.36415e-01 1.65508e-36
3.42066e-01 1.59916e-36
3.47813e-01 1.54850e-36
3.53656e-01 1.50207e-36
3.59597e-01 1.45251e-36
3.65637e-01 1.40513e-36
3.71780e-01 1.36235e-36
3.78025e-01 1.32011e-36
3.84376e-01 1.27901e-36
3.90833e-01 1.23830e-36
3.97398e-01 1.19906e-36
4.04074e-01 1.16363e-36
4.10862e-01 1.13166e-36
4.17764e-01 1.10285e-36
4.24782e-01 1.07693e-36
4.31918e-01 1.05359e-36
4.39174e-01 1.03052e-36
4.46552e-01 1.00778e-36
4.54053e-01 9.87376e-37
4.61681e-01 9.69209e-37
4.69437e-01 9.53114e-37
4.77323e-01 9.38305e-37
4.85341e-01 9.20055e-37
4.93494e-01 9.03736e-37
5.01785e-01 8.89242e-37
5.10214e-01 8.76446e-37
5.18785e-01 8.61221e-37
5.27500e-01 8.45637e-37
5.36362e-01 8.31673e-37
5.45372e-01 8.18362e-37
5.54534e-01 8.04154e-37
5.63849e-01 7.91195e-37
5.73321e-01 7.79360e-37
5.82953e-01 7.63838e-37
5.92746e-01 7.49253e-37
6.02703e-01 7.36236e-37
6.12828e-01 7.24204e-37
6.23123e-01 7.10768e-37
6.33591e-01 6.90989e-37
6.44234e-01 6.72871e-37
6.55057e-01 6.55479e-37
6.66061e-01 6.35120e-37
6.77250e-01 6.14885e-37
6.88627e-01 5.90024e-37
7.00195e-01 5.62126e-37
7.11958e-01 5.35656e-37
7.23918e-01 5.10623e-37
7.36079e-01 4.87784e-37
7.48444e-01 4.65898e-37
7.61018e-01 4.45650e-37
7.73802e-01 4.27301e-37
7.86801e-01 4.10628e-37
8.00018e-01 3.95483e-37
8.13458e-01 3.81745e-37
8.27123e-01 3.69274e-37
8.41018e-01 3.57931e-37
8.55146e-01 3.47450e-37
8.69512e-01 3.37797e-37
8.84119e-01 3.29003e-37
8.98971e-01 3.21028e-37
9.14073e-01 3.13824e-37
9.29428e-01 3.07328e-37
9.45041e-01 3.01469e-37
9.60917e-01 2.96180e-37
9.77060e-01 2.91439e-37
9.93473e-01 2.87209e-37
1.01016e+00 2.83456e-37
1.02713e+00 2.80153e-37
1.04439e+00 2.77275e-37
1.06193e+00 2.74787e-37
1.07977e+00 2.72673e-37
1.09791e+00 2.70911e-37
1.11635e+00 2.69474e-37
1.13511e+00 2.68343e-37
1.15418e+00 2.67507e-37
1.17356e+00 2.66956e-37
1.19328e+00 2.66675e-37
1.21333e+00 2.66659e-37
1.23371e+00 2.66898e-37
1.25443e+00 2.67381e-37
1.27551e+00 2.68071e-37
1.29693e+00 2.68975e-37
1.31872e+00 2.70095e-37
1.34087e+00 2.71425e-37
1.36340e+00 2.72963e-37
1.38630e+00 2.74427e-37
1.40959e+00 2.75290e-37
1.43327e+00 2.76375e-37
1.45735e+00 2.77677e-37
1.48183e+00 2.79191e-37
1.50672e+00 2.80913e-37
1.53203e+00 2.82838e-37
1.55777e+00 2.84962e-37
1.58394e+00 2.87282e-37
1.61055e+00 2.89795e-37
1.63760e+00 2.92497e-37
1.66511e+00 2.95387e-37
1.69309e+00 2.98462e-37
1.72153e+00 3.01721e-37
1.75045e+00 3.05170e-37
1.77985e+00 3.08801e-37
1.80975e+00 3.12612e-37
1.84016e+00 3.16602e-37
1.87107e+00 3.20772e-37
1.90250e+00 3.25121e-37
1.93446e+00 3.29648e-37
1.96696e+00 3.34354e-37
2.00000e+00 3.39239e-37
