8.72635e-02 5.94802e-32
8.87295e-02 2.84214e-31
9.02200e-02 3.60789e-31
9.17356e-02 4.23161e-31
9.32767e-02 4.76857e-31
9.48436e-02 5.24225e-31
9.64369e-02 5.66956e-31
9.80570e-02 6.06009e-31
9.97042e-02 6.41976e-31
1.01379e-01 6.75023e-31
1.03082e-01 7.05412e-31
1.04814e-01 7.33454e-31
1.06575e-01 7.60328e-31
1.08365e-01 7.99271e-31
1.10185e-01 8.35045e-31
1.12036e-01 8.67739e-31
1.13918e-01 9.01242e-31
1.15832e-01 9.35600e-31
1.17778e-01 9.67436e-31
1.19757e-01 9.96911e-31
1.21768e-01 1.02419e-30
1.23814e-01 1.04935e-30
1.25894e-01 1.07282e-30
1.28009e-01 1.09488e-30
1.30159e-01 1.11556e-30
1.32346e-01 1.13467e-30
1.34569e-01 1.15314e-30
1.36830e-01 1.17159e-30
1.39128e-01 1.18948e-30
1.41465e-01 1.20622e-30
1.43842e-01 1.22170e-30
1.46258e-01 1.24998e-30
1.48715e-01 1.27560e-30
1.51214e-01 1.29924e-30
1.53754e-01 1.32136e-30
1.56337e-01 1.34200e-30
1.58963e-01 1.36061e-30
1.61633e-01 1.37772e-30
1.64349e-01 1.39329e-30
1.67110e-01 1.40761e-30
1.69917e-01 1.42077e-30
1.72771e-01 1.43295e-30
1.75674e-01 1.44420e-30
1.78625e-01 1.45449e-30
1.81625e-01 1.46422e-30
1.84677e-01 1.47316e-30
1.87779e-01 1.48153e-30
1.90933e-01 1.48914e-30
1.94141e-01 1.49616e-30
1.97402e-01 1.50235e-30
2.00718e-01 1.50755e-30
2.04090e-01 1.51209e-30
2.07519e-01 1.51586e-30
2.11005e-01 1.51891e-30
2.14550e-01 1.52120e-30
2.18154e-01 1.52285e-30
2.21819e-01 1.52394e-30
2.25545e-01 1.52451e-30
2.29334e-01 1.52436e-30
2.33186e-01 1.52360e-30
2.37104e-01 1.52224e-30
2.41087e-01 1.52056e-30
2.45137e-01 1.51840e-30
2.49255e-01 1.51594e-30
2.53442e-01 1.51331e-30
2.57700e-01 1.51016e-30
2.62029e-01 1.50652e-30
2.66430e-01 1.50231e-30
2.70906e-01 1.49766e-30
2.75457e-01 1.49247e-30
2.80085e-01 1.48674e-30
2.84790e-01 1.48051e-30
2.89574e-01 1.47384e-30
2.94438e-01 1.46686e-30
2.99385e-01 1.45938e-30
3.04414e-01 1.45231e-30
3.09528e-01 1.44485e-30
3.14728e-01 1.43710e-30
3.20015e-01 1.42892e-30
3.25391e-01 1.42056e-30
3.30857e-01 1.41185e-30
3.36415e-01 1.40288e-30
3.42066e-01 1.39397e-30
3.47813e-01 1.38476e-30
3.53656e-01 1.37526e-30
3.59597e-01 1.36603e-30
3.65637e-01 1.35667e-30
3.71780e-01 1.34697e-30
3.78025e-01 1.33724e-30
3.84376e-01 1.32744e-30
3.90833e-01 1.31759e-30
3.97398e-01 1.30765e-30
4.04074e-01 1.29745e-30
4.10862e-01 1.28698e-30
4.17764e-01 1.27614e-30
4.24782e-01 1.26509e-30
4.31918e-01 1.25390e-30
4.39174e-01 1.24253e-30
4.46552e-01 1.23127e-30
4.54053e-01 1.21968e-30
4.61681e-01 1.20800e-30
4.69437e-01 1.19600e-30
4.77323e-01 1.18390e-30
4.85341e-01 1.17222e-30
4.93494e-01 1.16027e-30
5.01785e-01 1.14816e-30
5.10214e-01 1.13591e-30
5.18785e-01 1.12397e-30
5.27500e-01 1.11197e-30
5.36362e-01 1.09987e-30
5.45372e-01 1.08774e-30
5.54534e-01 1.07576e-30
5.63849e-01 1.06358e-30
5.73321e-01 1.05134e-30
5.82953e-01 1.03955e-30
5.92746e-01 1.02769e-30
6.02703e-01 1.01564e-30
6.12828e-01 1.00356e-30
6.23123e-01 9.91705e-31
6.33591e-01 9.80504e-31
6.44234e-01 9.69233e-31
6.55057e-01 9.57938e-31
6.66061e-01 9.46999e-31
6.77250e-01 9.36132e-31
6.88627e-01 9.25948e-31
7.00195e-01 9.16145e-31
7.11958e-01 9.06377e-31
7.23918e-01 8.96555e-31
7.36079e-01 8.86554e-31
7.48444e-01 8.76592e-31
7.61018e-01 8.66502e-31
7.73802e-01 8.56256e-31
7.86801e-01 8.45909e-31
8.00018e-01 8.35436e-31
8.13458e-01 8.24833e-31
8.27123e-01 8.14117e-31
8.41018e-01 8.03322e-31
8.55146e-01 7.92514e-31
8.69512e-01 7.81636e-31
8.84119e-01 7.70695e-31
8.98971e-01 7.59732e-31
9.14073e-01 7.48731e-31
9.29428e-01 7.37659e-31
9.45041e-01 7.26594e-31
9.60917e-01 7.15531e-31
9.77060e-01 7.04463e-31
9.93473e-01 6.93398e-31
1.01016e+00 6.82347e-31
1.02713e+00 6.71327e-31
1.04439e+00 6.60362e-31
1.06193e+00 6.49373e-31
1.07977e+00 6.38453e-31
1.09791e+00 6.27600e-31
1.11635e+00 6.16771e-31
1.13511e+00 6.06026e-31
1.15418e+00 5.95359e-31
1.17356e+00 5.84723e-31
1.19328e+00 5.74192e-31
1.21333e+00 5.63756e-31
1.23371e+00 5.53397e-31
1.25443e+00 5.43101e-31
1.27551e+00 5.32910e-31
1.29693e+00 5.22822e-31
1.31872e+00 5.12838e-31
1.34087e+00 5.02960e-31
1.36340e+00 4.93192e-31
1.38630e+00 4.83564e-31
1.40959e+00 4.74144e-31
1.43327e+00 4.64821e-31
1.45735e+00 4.55599e-31
1.48183e+00 4.46483e-31
1.50672e+00 4.37478e-31
1.53203e+00 4.28592e-31
1.55777e+00 4.19829e-31
1.58394e+00 4.11186e-31
1.61055e+00 4.02623e-31
1.63760e+00 3.94198e-31
1.66511e+00 3.85917e-31
1.69309e+00 3.77705e-31
1.72153e+00 3.69646e-31
1.75045e+00 3.61699e-31
1.77985e+00 3.53870e-31
1.80975e+00 3.46174e-31
1.84016e+00 3.38586e-31
1.87107e+00 3.31131e-31
1.90250e+00 3.23794e-31
1.93446e+00 3.16574e-31
1.96696e+00 3.09497e-31
2.00000e+00 3.02508e-31
