1.00982e-3 2.92331e-32
1.05812e-3 1.17017e-32
1.11989e-3 4.31534e-33
1.20119e-3 1.05618e-33
1.31884e-3 3.35137e-34
1.43359e-3 1.32331e-34
1.56876e-3 4.68407e-35
1.72242e-3 1.75115e-35
1.95529e-3 5.40677e-36
2.24949e-3 1.66937e-36
2.50301e-3 6.59160e-37
2.72079e-3 3.23881e-37
3.50626e-3 7.00967e-38
4.37018e-3 3.13003e-38
5.46518e-3 1.73923e-38
7.23348e-3 1.00686e-38
9.19811e-3 7.98136e-39
1.21742e-2 6.86745e-39
1.49228e-2 6.68230e-39
1.94244e-2 6.77424e-39
2.97756e-2 7.76618e-39
4.26961e-2 9.53298e-39
5.21612e-2 1.09289e-38
6.81230e-2 1.35998e-38
9.51100e-2 1.69234e-38
1.45794e-1 2.62058e-38
2.14714e-1 3.84211e-38
3.16215e-1 5.04968e-38
4.41484e-1 7.40349e-38
6.85846e-1 1.14643e-37
9.70412e-1 1.54850e-37
