3.52729e+0 3.05423e-43
3.59146e+0 2.01416e-43
3.66188e+0 1.55246e-43
3.73368e+0 1.18325e-43
3.80689e+0 9.56315e-44
3.88154e+0 7.79012e-44
3.95570e+0 6.53589e-44
4.04101e+0 5.52704e-44
4.12579e+0 4.99527e-44
4.20669e+0 4.37648e-44
4.28899e+0 3.99379e-44
4.37327e+0 3.49700e-44
4.45902e+0 3.13823e-44
4.54645e+0 2.78104e-44
4.63559e+0 2.48106e-44
4.72649e+0 2.30228e-44
4.81916e+0 2.17543e-44
4.91365e+0 2.05637e-44
5.01000e+0 1.94382e-44
5.10823e+0 1.83744e-44
5.20839e+0 1.73551e-44
5.31051e+0 1.64118e-44
5.41464e+0 1.55319e-44
5.52080e+0 1.50682e-44
5.62905e+0 1.46934e-44
5.73942e+0 1.43505e-44
5.85196e+0 1.39880e-44
5.96670e+0 1.36669e-44
6.08369e+0 1.33165e-44
6.20298e+0 1.30159e-44
6.32460e+0 1.27171e-44
6.44861e+0 1.25432e-44
6.57505e+0 1.24399e-44
6.70397e+0 1.22094e-44
6.83151e+0 1.22113e-44
6.97589e+0 1.22456e-44
7.11267e+0 1.19363e-44
7.25214e+0 1.18567e-44
7.39433e+0 1.17406e-44
7.53932e+0 1.16028e-44
7.68714e+0 1.15345e-44
7.83787e+0 1.13677e-44
7.99155e+0 1.13008e-44
8.14824e+0 1.11725e-44
8.30801e+0 1.10631e-44
8.47091e+0 1.09850e-44
8.63700e+0 1.08305e-44
8.80635e+0 1.07710e-44
8.97902e+0 1.06320e-44
9.15508e+0 1.05445e-44
9.33458e+0 1.04577e-44
9.51761e+0 1.03227e-44
9.70423e+0 1.02660e-44
9.88536e+0 1.01220e-44
