3.00190e-2 1.09954e-29
3.04288e-2 1.74080e-29
3.10842e-2 3.10029e-29
3.23277e-2 4.62235e-29
3.39153e-2 5.19637e-29
3.55808e-2 5.86275e-29
3.73282e-2 6.08872e-29
3.91614e-2 6.36911e-29
4.10846e-2 6.63846e-29
4.31023e-2 6.67442e-29
4.52190e-2 6.71057e-29
4.74397e-2 6.72267e-29
4.97695e-2 6.72267e-29
5.22137e-2 6.72267e-29
5.47779e-2 6.72267e-29
5.74680e-2 6.69850e-29
6.02902e-2 6.54350e-29
6.32511e-2 6.38059e-29
6.63573e-2 6.18821e-29
6.96161e-2 5.99083e-29
7.30350e-2 5.93713e-29
7.66217e-2 5.87332e-29
8.03846e-2 5.79974e-29
8.43323e-2 5.63908e-29
8.84738e-2 5.48483e-29
9.28187e-2 5.26229e-29
9.73771e-2 5.06700e-29
1.02159e-1 4.91422e-29
1.07176e-1 4.84393e-29
1.12440e-1 4.82999e-29
1.17962e-1 4.74208e-29
1.23755e-1 4.56856e-29
1.29832e-1 4.33219e-29
1.36208e-1 4.15641e-29
1.42897e-1 3.97343e-29
1.49915e-1 3.95915e-29
1.57277e-1 3.86058e-29
1.65001e-1 3.83978e-29
1.73104e-1 3.71329e-29
1.81606e-1 3.49652e-29
1.90524e-1 3.27113e-29
1.99881e-1 3.06579e-29
2.09697e-1 2.98408e-29
2.19995e-1 2.98408e-29
2.30799e-1 2.97871e-29
2.42134e-1 2.93082e-29
2.54025e-1 2.66882e-29
2.66500e-1 2.40846e-29
2.79588e-1 2.18370e-29
2.93318e-1 2.01082e-29
3.07723e-1 2.00323e-29
3.22835e-1 1.99854e-29
3.38690e-1 1.98849e-29
3.55323e-1 1.99351e-29
3.72772e-1 1.98277e-29
3.91079e-1 1.98277e-29
4.10285e-1 1.95089e-29
4.30434e-1 1.70687e-29
4.51573e-1 1.41432e-29
4.73749e-1 1.18764e-29
4.97015e-1 1.02072e-29
5.21423e-1 9.90840e-30
5.47030e-1 9.21975e-30
5.73895e-1 8.98696e-30
6.02079e-1 8.40614e-30
6.31647e-1 7.86569e-30
6.62667e-1 7.47083e-30
6.95211e-1 6.97667e-30
7.29352e-1 6.48010e-30
7.65171e-1 5.91146e-30
8.02748e-1 5.43169e-30
8.42171e-1 4.99087e-30
8.83530e-1 4.69445e-30
9.26920e-1 4.39976e-30
9.72441e-1 4.13100e-30
1.02020e+0 3.85081e-30
1.07030e+0 3.55106e-30
1.12286e+0 3.28054e-30
1.17800e+0 3.04156e-30
1.23586e+0 2.73004e-30
1.29655e+0 2.45928e-30
1.36022e+0 2.20740e-30
1.42702e+0 2.00284e-30
1.49710e+0 1.95474e-30
1.57063e+0 1.96497e-30
1.64776e+0 1.92886e-30
1.72868e+0 1.80420e-30
1.81358e+0 1.52067e-30
1.90264e+0 1.27220e-30
1.99608e+0 1.07022e-30
2.09411e+0 9.60608e-31
2.19695e+0 9.05184e-31
2.30484e+0 8.45311e-31
2.41803e+0 7.92247e-31
2.53678e+0 7.29262e-31
2.66136e+0 6.78577e-31
2.79206e+0 6.23505e-31
2.92918e+0 5.70843e-31
3.07303e+0 5.15153e-31
3.22394e+0 4.64060e-31
3.38227e+0 4.17282e-31
3.54837e+0 3.79979e-31
3.72263e+0 3.51665e-31
3.90545e+0 3.23707e-31
4.09725e+0 2.99047e-31
4.29846e+0 2.68903e-31
4.50956e+0 2.42233e-31
4.73102e+0 2.17032e-31
4.96336e+0 1.99418e-31
5.20711e+0 1.97275e-31
5.46283e+0 1.93615e-31
5.73111e+0 1.95331e-31
6.01257e+0 1.75820e-31
6.30784e+0 1.49011e-31
6.61762e+0 1.24185e-31
6.94261e+0 1.04281e-31
7.28356e+0 9.32642e-32
7.64126e+0 8.43173e-32
8.01652e+0 7.65038e-32
8.41021e+0 7.00422e-32
8.82323e+0 6.57636e-32
9.25654e+0 6.19692e-32
9.71113e+0 5.87101e-32
1.00120e+1 5.62942e-32
