1.00000e-05 inf
1.21648e-05 inf
1.47983e-05 inf
1.80019e-05 inf
2.18991e-05 inf
2.66399e-05 inf
3.24070e-05 inf
3.94225e-05 inf
4.79569e-05 inf
5.83388e-05 inf
7.09682e-05 3.10126e-17
8.63317e-05 4.38923e-19
1.05021e-04 5.25039e-20
1.27756e-04 1.17150e-20
1.55414e-04 3.34309e-21
1.89058e-04 1.11152e-21
2.29986e-04 4.42488e-22
2.79775e-04 1.75237e-22
3.40341e-04 8.10194e-23
4.14020e-04 3.63872e-23
5.03649e-04 1.70374e-23
6.12680e-04 8.18008e-24
7.45316e-04 3.90817e-24
9.06665e-04 1.80577e-24
1.10294e-03 8.08853e-25
1.34171e-03 3.56001e-25
1.63217e-03 1.48882e-25
1.98551e-03 6.05352e-26
2.41534e-03 2.65272e-26
2.93823e-03 1.00119e-26
3.57430e-03 4.03075e-27
4.34808e-03 1.58132e-27
5.28937e-03 5.97006e-28
6.43444e-03 2.28421e-28
7.82739e-03 8.70581e-29
9.52190e-03 3.40091e-29
1.15832e-02 1.38854e-29
1.40908e-02 5.66066e-30
1.71413e-02 2.58414e-30
2.08521e-02 1.25961e-30
2.53662e-02 6.66618e-31
3.08576e-02 3.76448e-31
3.75377e-02 1.94946e-31
4.56641e-02 8.49180e-32
5.55496e-02 2.82523e-32
6.75752e-02 1.41964e-32
8.22041e-02 8.23057e-33
1.00000e-01 4.91162e-33
1.23285e-01 3.79014e-33
1.51991e-01 3.03423e-33
1.87382e-01 2.42948e-33
2.31013e-01 2.40036e-33
2.84804e-01 2.50593e-33
3.51119e-01 2.63725e-33
4.32876e-01 2.74592e-33
5.33670e-01 2.88823e-33
6.57933e-01 2.98496e-33
8.11131e-01 3.07401e-33
1.00000e+00 3.11434e-33
