1.00000e-05 inf
1.21648e-05 inf
1.47983e-05 inf
1.80019e-05 inf
2.18991e-05 inf
2.66399e-05 inf
3.24070e-05 inf
3.94225e-05 inf
4.79569e-05 inf
5.83388e-05 inf
7.09682e-05 2.78227e-17
8.63317e-05 3.76775e-19
1.05021e-04 4.63662e-20
1.27756e-04 9.93743e-21
1.55414e-04 2.85364e-21
1.89058e-04 9.89454e-22
2.29986e-04 3.82782e-22
2.79775e-04 1.59211e-22
3.40341e-04 6.98305e-23
4.14020e-04 3.22071e-23
5.03649e-04 1.51410e-23
6.12680e-04 7.11366e-24
7.45316e-04 3.34724e-24
9.06665e-04 1.55398e-24
1.10294e-03 7.19341e-25
1.34171e-03 3.13288e-25
1.63217e-03 1.34245e-25
1.98551e-03 5.54447e-26
2.41534e-03 2.25541e-26
2.93823e-03 8.95340e-27
3.57430e-03 3.49752e-27
4.34808e-03 1.35686e-27
5.28937e-03 5.20865e-28
6.43444e-03 1.97300e-28
7.82739e-03 7.76719e-29
9.52190e-03 3.00705e-29
1.15832e-02 1.21427e-29
1.40908e-02 5.00396e-30
1.71413e-02 2.26243e-30
2.08521e-02 1.09906e-30
2.53662e-02 5.97363e-31
3.08576e-02 3.37220e-31
3.75377e-02 1.07289e-31
4.56641e-02 2.34400e-32
5.55496e-02 6.66173e-33
6.75752e-02 1.86534e-33
8.22041e-02 8.32251e-34
1.00000e-01 4.26406e-34
1.23285e-01 2.91389e-34
1.51991e-01 2.10625e-34
1.87382e-01 1.74691e-34
2.31013e-01 1.37529e-34
2.84804e-01 1.36277e-34
3.51119e-01 1.39654e-34
4.32876e-01 1.42721e-34
5.33670e-01 1.47153e-34
6.57933e-01 1.52199e-34
8.11131e-01 1.55623e-34
1.00000e+00 1.56880e-34
