3.00000e-04 inf
3.78247e-04 inf
4.76901e-04 9.45282e-21
6.01288e-04 2.63569e-29
7.58117e-04 4.44583e-31
9.55850e-04 3.25790e-32
1.20516e-03 4.69123e-33
1.51949e-03 9.12284e-34
1.91580e-03 2.24249e-34
2.41549e-03 6.35923e-35
3.04550e-03 2.40988e-35
3.83983e-03 1.12556e-35
4.84134e-03 6.04537e-36
6.10406e-03 3.82125e-36
7.69614e-03 2.74958e-36
9.70346e-03 2.12217e-36
1.22343e-02 1.78862e-36
1.54253e-02 1.58539e-36
1.94486e-02 1.29801e-36
2.45212e-02 8.10336e-37
3.09168e-02 6.12110e-37
3.89806e-02 5.08594e-37
4.91476e-02 4.87576e-37
6.19663e-02 4.86855e-37
7.81285e-02 5.33033e-37
9.85061e-02 5.59699e-37
1.24199e-01 6.47767e-37
1.56592e-01 5.30168e-37
1.97435e-01 6.29956e-37
2.48930e-01 7.49342e-37
3.13857e-01 9.33005e-37
3.95718e-01 1.12689e-36
4.98929e-01 1.39926e-36
6.29061e-01 1.71417e-36
7.93134e-01 2.13295e-36
1.00000e+00 2.65732e-36
