1.00000e-12 inf
1.09428e-12 inf
1.19745e-12 inf
1.31035e-12 inf
1.43389e-12 inf
1.56908e-12 inf
1.71701e-12 inf
1.87889e-12 inf
2.05604e-12 inf
2.24988e-12 inf
2.46200e-12 inf
2.69413e-12 inf
2.94813e-12 inf
3.22608e-12 inf
3.53024e-12 inf
3.86308e-12 inf
4.22729e-12 inf
4.62585e-12 inf
5.06198e-12 inf
5.53922e-12 inf
6.06147e-12 inf
6.63295e-12 inf
7.25831e-12 inf
7.94263e-12 inf
8.69147e-12 inf
9.51091e-12 inf
1.04076e-11 inf
1.13889e-11 inf
1.24626e-11 inf
1.36376e-11 inf
1.49234e-11 inf
1.63304e-11 inf
1.78700e-11 inf
1.95548e-11 inf
2.13984e-11 inf
2.34159e-11 inf
2.56236e-11 inf
2.80394e-11 inf
3.06830e-11 inf
3.35758e-11 inf
3.67414e-11 inf
4.02054e-11 inf
4.39960e-11 inf
4.81440e-11 inf
5.26831e-11 inf
5.76501e-11 inf
6.30854e-11 inf
6.90332e-11 inf
7.55417e-11 inf
8.26639e-11 inf
9.04575e-11 inf
9.89859e-11 inf
1.08318e-10 inf
1.18531e-10 inf
1.29706e-10 inf
1.41935e-10 inf
1.55317e-10 inf
1.69960e-10 inf
1.85984e-10 inf
2.03519e-10 inf
2.22707e-10 inf
2.43704e-10 inf
2.66680e-10 inf
2.91823e-10 inf
3.19337e-10 inf
3.49444e-10 inf
3.82390e-10 inf
4.18442e-10 inf
4.57894e-10 inf
5.01064e-10 inf
5.48305e-10 inf
6.00000e-10 inf
1.00000e-09 inf
1.07312e-09 inf
1.15159e-09 inf
1.23580e-09 inf
1.32616e-09 inf
1.42313e-09 inf
1.52720e-09 inf
1.63887e-09 inf
1.75871e-09 inf
1.88731e-09 inf
2.02531e-09 2.47871e-11
2.17341e-09 2.05333e-11
2.33233e-09 1.66675e-11
2.50288e-09 1.32084e-11
2.68589e-09 9.13018e-12
2.88229e-09 6.89016e-12
3.09305e-09 5.10451e-12
3.31922e-09 3.82202e-12
3.56193e-09 3.04699e-12
3.82238e-09 2.55683e-12
4.10188e-09 2.21486e-12
4.40182e-09 1.98491e-12
4.72369e-09 1.72061e-12
5.06910e-09 1.46358e-12
5.43977e-09 1.27924e-12
5.83753e-09 1.08847e-12
6.26439e-09 9.59064e-13
6.72245e-09 8.95763e-13
7.21401e-09 8.61581e-13
7.74152e-09 7.71682e-13
8.30759e-09 6.51687e-13
8.91506e-09 5.19220e-13
9.56695e-09 4.10521e-13
1.02665e-08 3.30792e-13
1.10172e-08 2.66504e-13
1.18228e-08 2.29458e-13
1.26873e-08 1.99030e-13
1.36151e-08 1.66089e-13
1.46106e-08 1.43607e-13
1.56790e-08 1.32551e-13
1.68255e-08 1.56426e-13
1.80558e-08 1.77783e-13
1.93761e-08 1.91672e-13
2.07929e-08 1.73275e-13
2.23133e-08 1.22886e-13
2.39449e-08 1.04581e-13
2.56958e-08 1.06150e-13
2.75747e-08 1.03529e-13
2.95910e-08 9.76843e-14
3.17548e-08 9.20899e-14
3.40768e-08 8.65477e-14
3.65686e-08 8.28292e-14
3.92425e-08 7.76706e-14
4.21120e-08 7.73849e-14
4.51914e-08 7.47109e-14
4.84958e-08 7.43569e-14
5.20420e-08 7.61929e-14
5.58474e-08 7.54217e-14
5.99311e-08 7.76764e-14
6.43134e-08 8.06277e-14
6.90161e-08 8.10593e-14
7.40627e-08 8.32773e-14
7.94783e-08 8.80790e-14
8.52900e-08 8.98656e-14
9.15265e-08 9.08697e-14
9.82192e-08 9.45045e-14
1.05401e-07 inf
1.13108e-07 inf
1.21379e-07 inf
1.30255e-07 inf
1.39779e-07 inf
1.50000e-07 inf
