2.00000e-02 1.33405e-19
2.21059e-02 1.90507e-22
2.44335e-02 9.46030e-25
2.70063e-02 1.31313e-26
2.98499e-02 4.29530e-28
3.29930e-02 2.89298e-29
3.64670e-02 3.37107e-30
4.03068e-02 6.39532e-31
4.45509e-02 1.74749e-31
4.92418e-02 5.92906e-32
5.44268e-02 2.48877e-32
6.01577e-02 1.22436e-32
6.64920e-02 6.85318e-33
7.34932e-02 4.31838e-33
8.12317e-02 1.81108e-33
8.97850e-02 8.37316e-34
9.92390e-02 4.65908e-34
1.09688e-01 2.75648e-34
1.21238e-01 1.88414e-34
1.34004e-01 1.32590e-34
1.48114e-01 1.05397e-34
1.63709e-01 8.35834e-35
1.80947e-01 6.97332e-35
2.00000e-01 6.37603e-35
