1.00000e-03 inf
1.21819e-03 inf
1.48398e-03 4.68560e-32
1.80777e-03 4.94713e-34
2.20220e-03 4.94151e-35
2.68270e-03 1.11659e-35
3.26803e-03 4.15550e-36
3.98107e-03 2.07386e-36
4.84969e-03 1.31006e-36
5.90784e-03 9.31687e-37
7.19686e-03 6.97103e-37
8.76712e-03 6.08177e-37
1.06800e-02 5.48396e-37
1.30103e-02 5.07085e-37
1.58489e-02 5.22970e-37
1.93070e-02 5.24091e-37
2.35195e-02 5.44972e-37
2.86512e-02 6.04645e-37
3.49025e-02 6.63872e-37
4.25179e-02 7.60135e-37
5.17947e-02 8.52398e-37
6.30957e-02 9.90072e-37
7.68625e-02 1.16529e-36
9.36329e-02 1.35023e-36
1.14062e-01 1.60501e-36
1.38950e-01 1.92561e-36
1.69267e-01 2.25499e-36
2.06199e-01 2.75064e-36
2.51189e-01 3.27121e-36
3.05995e-01 4.00082e-36
3.72759e-01 4.77197e-36
4.54091e-01 5.80767e-36
5.53168e-01 7.06047e-36
6.73863e-01 8.37609e-36
8.20891e-01 1.01939e-35
1.00000e+00 1.23973e-35
