3.00000e-05 inf
3.47395e-05 inf
4.02278e-05 inf
4.65831e-05 inf
5.39425e-05 inf
6.24646e-05 inf
7.23330e-05 2.84192e-13
8.37604e-05 7.89876e-15
9.69932e-05 6.25558e-16
1.12317e-04 9.13069e-17
1.30061e-04 1.67495e-17
1.50608e-04 3.16718e-18
1.74402e-04 8.01752e-19
2.01955e-04 1.70989e-19
2.33860e-04 4.80179e-20
2.70806e-04 1.16493e-20
3.13590e-04 3.13597e-21
3.63132e-04 9.57863e-22
4.20501e-04 2.80370e-22
4.86933e-04 7.38648e-23
5.63860e-04 2.31506e-23
6.52941e-04 7.17508e-24
7.56095e-04 2.32752e-24
8.75546e-04 6.95231e-25
1.01387e-03 2.38412e-25
1.17404e-03 7.92620e-26
1.35952e-03 1.77114e-26
1.57431e-03 6.60587e-27
1.82302e-03 2.13141e-27
2.11103e-03 5.69628e-28
2.44454e-03 1.99912e-28
2.83074e-03 5.89945e-29
3.27795e-03 2.24780e-29
3.79581e-03 6.12285e-30
4.39549e-03 2.49030e-30
5.08990e-03 8.15938e-31
5.89402e-03 2.97430e-31
6.82518e-03 1.08924e-31
7.90345e-03 3.91051e-32
9.15207e-03 1.45702e-32
1.05980e-02 5.97178e-33
1.22723e-02 2.15331e-33
1.42111e-02 8.59789e-34
1.64562e-02 3.79042e-34
1.90560e-02 1.66350e-34
2.20666e-02 7.40178e-35
2.55527e-02 3.69375e-35
2.95896e-02 1.96606e-35
3.42643e-02 1.09205e-35
3.96775e-02 5.90708e-36
4.59459e-02 3.40976e-36
5.32047e-02 1.81290e-36
6.16101e-02 1.01070e-36
7.13435e-02 5.37984e-37
8.26147e-02 3.39339e-37
9.56665e-02 2.11854e-37
1.10780e-01 1.41279e-37
1.28282e-01 8.95793e-38
1.48548e-01 6.93165e-38
1.72016e-01 5.42004e-38
1.99192e-01 4.30224e-38
2.30661e-01 3.53213e-38
2.67102e-01 2.89253e-38
3.09300e-01 2.47117e-38
3.58164e-01 2.06756e-38
4.14749e-01 1.76633e-38
4.80272e-01 1.50693e-38
5.56147e-01 1.30162e-38
6.44010e-01 1.12438e-38
7.45753e-01 9.74837e-39
8.63570e-01 8.29790e-39
1.00000e+00 7.70209e-39
