1.00000e-04 inf
1.21819e-04 3.54247e-03
1.48398e-04 1.91720e-05
1.80777e-04 4.02302e-07
2.20220e-04 1.48856e-08
2.68270e-04 7.26517e-10
3.26803e-04 4.26199e-11
3.98107e-04 2.80040e-12
4.84969e-04 1.99536e-13
5.90784e-04 1.51756e-14
7.19686e-04 1.22073e-15
8.76712e-04 1.02657e-16
1.06800e-03 9.14602e-18
1.30103e-03 8.57035e-19
1.58489e-03 8.52591e-20
1.93070e-03 9.23611e-21
2.35195e-03 1.07808e-21
2.86512e-03 1.34128e-22
3.49025e-03 1.77962e-23
4.25179e-03 2.46087e-24
5.17947e-03 3.53869e-25
6.30957e-03 5.07559e-26
7.68625e-03 7.32376e-27
9.36329e-03 1.04942e-27
1.14062e-02 1.51362e-28
1.38950e-02 2.27271e-29
1.69267e-02 3.74779e-30
2.06199e-02 6.92652e-31
2.51189e-02 1.47701e-31
3.05995e-02 3.67178e-32
3.72759e-02 3.09228e-33
4.54091e-02 2.09173e-34
5.53168e-02 2.75482e-35
6.73863e-02 5.36094e-36
8.20891e-02 1.59379e-36
1.00000e-01 5.44544e-37
