1.00000e-02 inf
1.22168e-02 inf
1.49250e-02 inf
1.82335e-02 1.28232e-18
2.22754e-02 3.00952e-24
2.72134e-02 2.47171e-26
3.32460e-02 1.17352e-27
4.06159e-02 6.96787e-29
4.96195e-02 7.39842e-30
6.06190e-02 1.51091e-30
7.40568e-02 5.01573e-31
9.04736e-02 2.34270e-31
1.10530e-01 1.14061e-31
1.35031e-01 4.77617e-32
1.64965e-01 2.59200e-32
2.01534e-01 1.68607e-32
2.46209e-01 1.28857e-32
3.00788e-01 1.01955e-32
3.67466e-01 8.57158e-33
4.48925e-01 6.92572e-33
5.48442e-01 5.94601e-33
6.70019e-01 4.97501e-33
8.18547e-01 4.12615e-33
1.00000e+00 3.12788e-33
