3.00000e-05 inf
3.47395e-05 inf
4.02278e-05 inf
4.65831e-05 inf
5.39425e-05 inf
6.24646e-05 inf
7.23330e-05 3.41359e-13
8.37604e-05 1.08681e-14
9.69932e-05 9.78463e-16
1.12317e-04 1.22900e-16
1.30061e-04 1.93646e-17
1.50608e-04 3.94907e-18
1.74402e-04 1.02257e-18
2.01955e-04 3.20490e-19
2.33860e-04 5.33613e-20
2.70806e-04 1.45694e-20
3.13590e-04 5.78426e-21
3.63132e-04 1.17582e-21
4.20501e-04 3.33496e-22
4.86933e-04 1.00642e-22
5.63860e-04 2.95113e-23
6.52941e-04 1.10572e-23
7.56095e-04 2.56570e-24
8.75546e-04 9.60462e-25
1.01387e-03 3.09871e-25
1.17404e-03 8.01874e-26
1.35952e-03 2.87618e-26
1.57431e-03 9.26484e-27
1.82302e-03 2.15113e-27
2.11103e-03 8.26496e-28
2.44454e-03 2.16368e-28
2.83074e-03 7.60637e-29
3.27795e-03 2.58544e-29
3.79581e-03 8.84586e-30
4.39549e-03 2.83478e-30
5.08990e-03 9.00751e-31
5.89402e-03 3.11779e-31
6.82518e-03 1.12747e-31
7.90345e-03 4.55780e-32
9.15207e-03 1.93666e-32
1.05980e-02 6.70120e-33
1.22723e-02 2.69982e-33
1.42111e-02 1.10123e-33
1.64562e-02 4.87274e-34
1.90560e-02 2.04143e-34
2.20666e-02 8.38360e-35
2.55527e-02 4.09316e-35
2.95896e-02 2.28356e-35
3.42643e-02 1.19821e-35
3.96775e-02 6.41016e-36
4.59459e-02 3.77336e-36
5.32047e-02 2.21948e-36
6.16101e-02 1.46512e-36
7.13435e-02 8.33283e-37
8.26147e-02 5.08957e-37
9.56665e-02 3.53308e-37
1.10780e-01 2.18803e-37
1.28282e-01 1.62365e-37
1.48548e-01 1.30301e-37
1.72016e-01 1.01153e-37
1.99192e-01 8.16736e-38
2.30661e-01 6.66971e-38
2.67102e-01 5.74645e-38
3.09300e-01 4.83424e-38
3.58164e-01 4.08062e-38
4.14749e-01 3.47366e-38
4.80272e-01 2.99628e-38
5.56147e-01 2.59635e-38
6.44010e-01 2.23990e-38
7.45753e-01 1.94769e-38
8.63570e-01 1.65471e-38
1.00000e+00 1.54084e-38
