1.00000e-01 inf
1.21819e-01 inf
1.48398e-01 inf
1.80777e-01 inf
2.20220e-01 1.29897e-38
2.68270e-01 2.11204e-39
3.26803e-01 6.13008e-40
3.98107e-01 2.65756e-40
4.84969e-01 1.35831e-40
5.90784e-01 3.68312e-41
7.19686e-01 1.12975e-41
8.76712e-01 4.64772e-42
1.06800e+00 1.90805e-42
1.30103e+00 8.72507e-43
1.58489e+00 5.42665e-43
1.93070e+00 3.67001e-43
2.35195e+00 2.66376e-43
2.86512e+00 2.04002e-43
3.49025e+00 1.62323e-43
4.25179e+00 1.33085e-43
5.17947e+00 1.12181e-43
6.30957e+00 9.59736e-44
7.68625e+00 8.33366e-44
9.36329e+00 7.32928e-44
1.14062e+01 6.53751e-44
1.38950e+01 5.91103e-44
1.69267e+01 5.43134e-44
2.06199e+01 5.07911e-44
2.51189e+01 4.84580e-44
3.05995e+01 4.73184e-44
3.72759e+01 4.72383e-44
4.54091e+01 4.82667e-44
5.53168e+01 5.05915e-44
6.73863e+01 5.43627e-44
8.20891e+01 5.97493e-44
1.00000e+02 6.70159e-44
