1.00000e-01 inf
1.21819e-01 inf
1.48398e-01 3.88507e-38
1.80777e-01 4.16964e-40
2.20220e-01 4.25849e-41
2.68270e-01 1.09709e-41
3.26803e-01 4.43127e-42
3.98107e-01 2.29786e-42
4.84969e-01 1.38256e-42
5.90784e-01 8.98053e-43
7.19686e-01 6.00868e-43
8.76712e-01 4.13706e-43
1.06800e+00 2.92038e-43
1.30103e+00 2.09882e-43
1.58489e+00 1.55866e-43
1.93070e+00 1.19892e-43
2.35195e+00 9.49099e-44
2.86512e+00 7.74175e-44
3.49025e+00 6.45820e-44
4.25179e+00 5.48237e-44
5.17947e+00 4.71949e-44
6.30957e+00 4.10772e-44
7.68625e+00 3.61153e-44
9.36329e+00 3.20413e-44
1.14062e+01 2.87342e-44
1.38950e+01 2.60753e-44
1.69267e+01 2.40187e-44
2.06199e+01 2.24927e-44
2.51189e+01 2.14950e-44
3.05995e+01 2.09895e-44
3.72759e+01 2.09683e-44
4.54091e+01 2.14244e-44
5.53168e+01 2.24580e-44
6.73863e+01 2.41358e-44
8.20891e+01 2.65349e-44
1.00000e+02 2.97630e-44
