1.00000e-04 inf
1.21819e-04 2.30291e-07
1.48398e-04 3.68018e-09
1.80777e-04 2.12869e-10
2.20220e-04 1.97992e-11
2.68270e-04 2.34412e-12
3.26803e-04 3.23239e-13
3.98107e-04 4.94538e-14
4.84969e-04 8.10759e-15
5.90784e-04 1.39802e-15
7.19686e-04 2.50455e-16
8.76712e-04 4.70603e-17
1.06800e-03 9.16809e-18
1.30103e-03 1.87146e-18
1.58489e-03 4.01283e-19
1.93070e-03 9.20761e-20
2.35195e-03 2.26269e-20
2.86512e-03 5.92634e-21
3.49025e-03 1.64181e-21
4.25179e-03 4.83346e-22
5.17947e-03 1.47538e-22
6.30957e-03 4.61069e-23
7.68625e-03 1.44761e-23
9.36329e-03 4.53067e-24
1.14062e-02 1.42417e-24
1.38950e-02 4.53935e-25
1.69267e-02 1.52076e-25
2.06199e-02 5.53642e-26
2.51189e-02 2.23646e-26
3.05995e-02 1.03240e-26
3.72759e-02 5.40767e-27
4.54091e-02 7.88502e-28
5.53168e-02 1.60102e-28
6.73863e-02 4.63364e-29
8.20891e-02 2.04333e-29
1.00000e-01 1.02457e-29
