3.00000e-05 inf
3.47395e-05 inf
4.02278e-05 inf
4.65831e-05 inf
5.39425e-05 inf
6.24646e-05 inf
7.23330e-05 2.34271e-16
8.37604e-05 3.34260e-16
9.69932e-05 3.83433e-17
1.12317e-04 6.84586e-18
1.30061e-04 1.64245e-18
1.50608e-04 4.57133e-19
1.74402e-04 1.41532e-19
2.01955e-04 4.62728e-20
2.33860e-04 1.60481e-20
2.70806e-04 5.82328e-21
3.13590e-04 2.22147e-21
3.63132e-04 8.78201e-22
4.20501e-04 3.62540e-22
4.86933e-04 1.52264e-22
5.63860e-04 6.53665e-23
6.52941e-04 2.86136e-23
7.56095e-04 1.26829e-23
8.75546e-04 5.66994e-24
1.01387e-03 2.55630e-24
1.17404e-03 1.16189e-24
1.35952e-03 5.34416e-25
1.57431e-03 2.45460e-25
1.82302e-03 1.13311e-25
2.11103e-03 5.33200e-26
2.44454e-03 2.48483e-26
2.83074e-03 1.16408e-26
3.27795e-03 5.45107e-27
3.79581e-03 2.54358e-27
4.39549e-03 1.18192e-27
5.08990e-03 5.49981e-28
5.89402e-03 2.54046e-28
6.82518e-03 1.16809e-28
7.90345e-03 5.40135e-29
9.15207e-03 2.51640e-29
1.05980e-02 1.17620e-29
1.22723e-02 5.62625e-30
1.42111e-02 2.74870e-30
1.64562e-02 1.41357e-30
1.90560e-02 7.72164e-31
2.20666e-02 4.51284e-31
2.55527e-02 2.86530e-31
2.95896e-02 1.96479e-31
3.42643e-02 7.55614e-32
3.96775e-02 1.16197e-32
4.59459e-02 2.40054e-33
5.32047e-02 6.74519e-34
6.16101e-02 2.28402e-34
7.13435e-02 1.05450e-34
8.26147e-02 5.35126e-35
9.56665e-02 3.12363e-35
1.10780e-01 2.06466e-35
1.28282e-01 1.40346e-35
1.48548e-01 9.89673e-36
1.72016e-01 7.49747e-36
1.99192e-01 6.12924e-36
2.30661e-01 4.86077e-36
2.67102e-01 3.85239e-36
3.09300e-01 3.60420e-36
3.58164e-01 3.16415e-36
4.14749e-01 2.86745e-36
4.80272e-01 2.79156e-36
5.56147e-01 2.72750e-36
6.44010e-01 2.76780e-36
7.45753e-01 2.76065e-36
8.63570e-01 2.72943e-36
1.00000e+00 2.71131e-36
