# DM Mass [GeV] Xsec [cm^2]
4.658e-05 2.540e-19
5.361e-05 1.636e-20
6.170e-05 1.037e-21
7.100e-05 2.100e-22
8.171e-05 6.167e-23
9.403e-05 2.220e-23
1.082e-04 9.115e-24
1.245e-04 4.116e-24
1.433e-04 1.990e-24
1.649e-04 1.015e-24
1.898e-04 5.431e-25
2.184e-04 1.902e-25
2.514e-04 9.172e-28
2.893e-04 1.495e-28
3.330e-04 5.243e-29
3.832e-04 2.602e-29
4.410e-04 1.579e-29
5.075e-04 1.084e-29
5.840e-04 8.044e-30
6.721e-04 6.334e-30
7.735e-04 5.126e-30
8.901e-04 4.249e-30
1.024e-03 3.575e-30
1.179e-03 3.020e-30
1.357e-03 2.579e-30
1.561e-03 2.214e-30
1.797e-03 1.899e-30
2.068e-03 1.631e-30
2.380e-03 1.407e-30
2.739e-03 1.216e-30
3.152e-03 1.053e-30
3.627e-03 9.110e-31
4.174e-03 7.871e-31
4.804e-03 6.827e-31
5.528e-03 5.910e-31
6.362e-03 5.098e-31
7.322e-03 4.406e-31
8.426e-03 3.811e-31
9.697e-03 3.303e-31
1.116e-02 2.876e-31
1.284e-02 2.527e-31
1.478e-02 2.248e-31
1.701e-02 2.041e-31
1.957e-02 1.897e-31
2.253e-02 1.824e-31
2.592e-02 1.812e-31
2.984e-02 1.800e-31
3.434e-02 4.653e-32
3.951e-02 6.063e-33
4.547e-02 1.038e-33
5.233e-02 2.448e-34
6.023e-02 8.177e-35
6.931e-02 3.610e-35
7.976e-02 1.919e-35
9.179e-02 8.762e-36
1.056e-01 3.649e-36
1.216e-01 1.832e-36
1.399e-01 1.111e-36
1.610e-01 7.777e-37
1.853e-01 6.024e-37
2.132e-01 4.839e-37
2.454e-01 4.077e-37
2.824e-01 3.847e-37
3.250e-01 3.259e-37
3.740e-01 2.205e-37
4.305e-01 1.376e-37
4.954e-01 8.924e-38
5.701e-01 6.869e-38
6.561e-01 5.269e-38
7.551e-01 4.047e-38
8.689e-01 3.236e-38
1.000e+00 2.546e-38
