1.00000e-05 inf
1.21547e-05 inf
1.47738e-05 inf
1.79571e-05 inf
2.18264e-05 inf
2.65295e-05 inf
3.22459e-05 inf
3.91941e-05 inf
4.76394e-05 inf
5.79044e-05 inf
7.03814e-05 inf
8.55467e-05 inf
1.03980e-04 1.05176e-10
1.26385e-04 2.32756e-12
1.53617e-04 4.24735e-13
1.86718e-04 8.36251e-14
2.26951e-04 1.43834e-14
2.75853e-04 2.35559e-15
3.35292e-04 4.16391e-16
4.07539e-04 7.61286e-17
4.95354e-04 1.42496e-17
6.02089e-04 2.70745e-18
7.31824e-04 5.27560e-19
8.89513e-04 1.04887e-19
1.08118e-03 2.14339e-20
1.31415e-03 4.57079e-21
1.59731e-03 1.01508e-21
1.94149e-03 2.41901e-22
2.35983e-03 6.12826e-23
2.86832e-03 1.67303e-23
3.48637e-03 4.85418e-24
4.23759e-03 1.49466e-24
5.15068e-03 4.83569e-25
6.26052e-03 1.61582e-25
7.60950e-03 5.54682e-26
9.24915e-03 1.92131e-26
1.12421e-02 6.74779e-27
1.36645e-02 2.44191e-27
1.66088e-02 9.35006e-28
2.01876e-02 3.92046e-28
2.45375e-02 1.82989e-28
2.98247e-02 9.71106e-29
3.62512e-02 5.90782e-29
4.40624e-02 1.12796e-29
5.35567e-02 2.15118e-30
6.50968e-02 5.87592e-31
7.91234e-02 2.34143e-31
9.61725e-02 1.16371e-31
1.16895e-01 7.01153e-32
1.42083e-01 4.79874e-32
1.72698e-01 3.55441e-32
2.09910e-01 2.84741e-32
2.55141e-01 2.38811e-32
3.10117e-01 2.02604e-32
3.76939e-01 1.77291e-32
4.58160e-01 1.63008e-32
5.56881e-01 1.28563e-32
6.76875e-01 1.11719e-32
8.22724e-01 9.27471e-33
1.00000e+00 7.20760e-33
