1.00000e-05 inf
1.21547e-05 inf
1.47738e-05 inf
1.79571e-05 inf
2.18264e-05 inf
2.65295e-05 inf
3.22459e-05 inf
3.91941e-05 inf
4.76394e-05 inf
5.79044e-05 inf
7.03814e-05 inf
8.55467e-05 inf
1.03980e-04 inf
1.26385e-04 inf
1.53617e-04 inf
1.86718e-04 inf
2.26951e-04 inf
2.75853e-04 inf
3.35292e-04 inf
4.07539e-04 inf
4.95354e-04 inf
6.02089e-04 inf
7.31824e-04 inf
8.89513e-04 inf
1.08118e-03 inf
1.31415e-03 inf
1.59731e-03 inf
1.94149e-03 inf
2.35983e-03 inf
2.86832e-03 inf
3.48637e-03 inf
4.23759e-03 inf
5.15068e-03 inf
6.26052e-03 inf
7.60950e-03 inf
9.24915e-03 inf
1.12421e-02 inf
1.36645e-02 inf
1.66088e-02 inf
2.01876e-02 3.30669e-27
2.45375e-02 1.72781e-29
2.98247e-02 6.49437e-31
3.62512e-02 3.39672e-32
4.40624e-02 2.29090e-33
5.35567e-02 3.38834e-34
6.50968e-02 9.53110e-35
7.91234e-02 3.91845e-35
9.61725e-02 1.28977e-35
1.16895e-01 4.21245e-36
1.42083e-01 2.13307e-36
1.72698e-01 1.54310e-36
2.09910e-01 1.09497e-36
2.55141e-01 8.51295e-37
3.10117e-01 7.28944e-37
3.76939e-01 5.32654e-37
4.58160e-01 3.13265e-37
5.56881e-01 2.07372e-37
6.76875e-01 1.40953e-37
8.22724e-01 8.55867e-38
1.00000e+00 6.47422e-38
