1.00000e-01 inf
1.21819e-01 inf
1.48398e-01 inf
1.80777e-01 inf
2.20220e-01 inf
2.68270e-01 1.33990e-36
3.26803e-01 2.86850e-37
3.98107e-01 1.04490e-37
4.84969e-01 2.50515e-38
5.90784e-01 5.14923e-39
7.19686e-01 1.34270e-39
8.76712e-01 4.55913e-40
1.06800e+00 1.41851e-40
1.30103e+00 4.39862e-41
1.58489e+00 1.45027e-41
1.93070e+00 5.94372e-42
2.35195e+00 2.80641e-42
2.86512e+00 1.75198e-42
3.49025e+00 1.21190e-42
4.25179e+00 9.02169e-43
5.17947e+00 7.07154e-43
6.30957e+00 5.76466e-43
7.68625e+00 4.83235e-43
9.36329e+00 4.14937e-43
1.14062e+01 3.63346e-43
1.38950e+01 3.24226e-43
1.69267e+01 2.94946e-43
2.06199e+01 2.74143e-43
2.51189e+01 2.60579e-43
3.05995e+01 2.53803e-43
3.72759e+01 2.53083e-43
4.54091e+01 2.58308e-43
5.53168e+01 2.70631e-43
6.73863e+01 2.90727e-43
8.20891e+01 3.19557e-43
1.00000e+02 3.58164e-43
