1.00000e-05 inf
1.21648e-05 inf
1.47983e-05 inf
1.80019e-05 inf
2.18991e-05 inf
2.66399e-05 inf
3.24070e-05 inf
3.94225e-05 inf
4.79569e-05 inf
5.83388e-05 inf
7.09682e-05 inf
8.63317e-05 inf
1.05021e-04 3.97179e-10
1.27756e-04 8.24039e-13
1.55414e-04 5.46395e-14
1.89058e-04 6.37257e-15
2.29986e-04 9.24982e-16
2.79775e-04 1.53867e-16
3.40341e-04 2.84728e-17
4.14020e-04 5.61648e-18
5.03649e-04 1.16184e-18
6.12680e-04 2.49333e-19
7.45316e-04 5.49015e-20
9.06665e-04 1.24379e-20
1.10294e-03 2.85148e-21
1.34171e-03 6.65794e-22
1.63217e-03 1.56387e-22
1.98551e-03 3.74762e-23
2.41534e-03 9.07432e-24
2.93823e-03 2.19503e-24
3.57430e-03 5.25680e-25
4.34808e-03 1.25347e-25
5.28937e-03 2.97249e-26
6.43444e-03 7.02182e-27
7.82739e-03 1.65120e-27
9.52190e-03 3.88086e-28
1.15832e-02 9.36117e-29
1.40908e-02 2.38491e-29
1.71413e-02 6.60465e-30
2.08521e-02 2.08469e-30
2.53662e-02 7.54156e-31
3.08576e-02 3.16505e-31
3.75377e-02 3.67550e-32
4.56641e-02 3.94659e-33
5.55496e-02 6.82660e-34
6.75752e-02 2.09338e-34
8.22041e-02 7.73779e-35
1.00000e-01 3.97397e-35
1.23285e-01 2.20909e-35
1.51991e-01 1.26417e-35
1.87382e-01 7.28848e-36
2.31013e-01 5.30316e-36
2.84804e-01 3.93293e-36
3.51119e-01 4.36039e-36
4.32876e-01 2.91267e-36
5.33670e-01 2.82518e-36
6.57933e-01 2.88410e-36
8.11131e-01 2.84917e-36
1.00000e+00 2.74566e-36
