1.00000e-03 inf
1.21819e-03 inf
1.48398e-03 1.34510e-32
1.80777e-03 1.53345e-34
2.20220e-03 2.21392e-35
2.68270e-03 6.84568e-36
3.26803e-03 3.34680e-36
3.98107e-03 1.99326e-36
4.84969e-03 1.45230e-36
5.90784e-03 1.17721e-36
7.19686e-03 1.01748e-36
8.76712e-03 9.85707e-37
1.06800e-02 9.73759e-37
1.30103e-02 1.03185e-36
1.58489e-02 1.10775e-36
1.93070e-02 1.20583e-36
2.35195e-02 1.40753e-36
2.86512e-02 1.60394e-36
3.49025e-02 1.88341e-36
4.25179e-02 2.15733e-36
5.17947e-02 2.49450e-36
6.30957e-02 2.96643e-36
7.68625e-02 3.52237e-36
9.36329e-02 4.45147e-36
1.14062e-01 5.29819e-36
1.38950e-01 6.01111e-36
1.69267e-01 7.26447e-36
2.06199e-01 8.89091e-36
2.51189e-01 1.08325e-35
3.05995e-01 1.32150e-35
3.72759e-01 1.55853e-35
4.54091e-01 1.96886e-35
5.53168e-01 2.37809e-35
6.73863e-01 2.89494e-35
8.20891e-01 3.38405e-35
1.00000e+00 4.18978e-35
