# DM Mass [GeV] Xsec [cm^2]
7.097e-05 2.680e-17
8.119e-05 1.398e-18
9.288e-05 1.657e-19
1.063e-04 4.046e-20
1.216e-04 1.422e-20
1.391e-04 5.624e-21
1.591e-04 2.437e-21
1.820e-04 1.168e-21
2.082e-04 5.943e-22
2.382e-04 3.137e-22
2.725e-04 1.721e-22
3.118e-04 9.738e-23
3.567e-04 5.601e-23
4.081e-04 3.276e-23
4.668e-04 1.947e-23
5.341e-04 1.162e-23
6.110e-04 6.956e-24
6.990e-04 4.163e-24
7.997e-04 2.474e-24
9.148e-04 1.460e-24
1.047e-03 8.474e-25
1.197e-03 4.858e-25
1.370e-03 2.754e-25
1.567e-03 1.534e-25
1.793e-03 8.470e-26
2.051e-03 4.630e-26
2.346e-03 2.484e-26
2.684e-03 1.323e-26
3.071e-03 6.999e-27
3.513e-03 3.663e-27
4.019e-03 1.912e-27
4.598e-03 9.936e-28
5.260e-03 5.134e-28
6.018e-03 2.661e-28
6.885e-03 1.379e-28
7.876e-03 7.159e-29
9.011e-03 3.785e-29
1.031e-02 2.007e-29
1.179e-02 1.072e-29
1.349e-02 5.905e-30
1.543e-02 3.347e-30
1.766e-02 1.947e-30
2.020e-02 1.182e-30
2.311e-02 7.645e-31
2.644e-02 5.086e-31
3.025e-02 3.447e-31
3.460e-02 7.394e-32
3.959e-02 9.922e-33
4.529e-02 1.625e-33
5.181e-02 4.524e-34
5.927e-02 1.594e-34
6.781e-02 7.010e-35
7.757e-02 3.860e-35
8.875e-02 1.716e-35
1.015e-01 6.753e-36
1.162e-01 3.624e-36
1.329e-01 2.236e-36
1.520e-01 1.543e-36
1.739e-01 1.223e-36
1.990e-01 9.789e-37
2.276e-01 7.922e-37
2.604e-01 6.925e-37
2.979e-01 5.814e-37
3.408e-01 4.420e-37
3.899e-01 2.649e-37
4.461e-01 1.575e-37
5.103e-01 1.151e-37
5.838e-01 8.301e-38
6.679e-01 6.067e-38
7.641e-01 5.178e-38
8.741e-01 4.209e-38
1.000e+00 3.292e-38
