1.00000e-03 7.08053e-21
1.21819e-03 2.03715e-21
1.48398e-03 6.02309e-22
1.80777e-03 1.83313e-22
2.20220e-03 5.78814e-23
2.68270e-03 1.89659e-23
3.26803e-03 6.48080e-24
3.98107e-03 2.27112e-24
4.84969e-03 8.26886e-25
5.90784e-03 3.09700e-25
7.19686e-03 1.18196e-25
8.76712e-03 4.57866e-26
1.06800e-02 1.80219e-26
1.30103e-02 7.35471e-27
1.58489e-02 3.16709e-27
1.93070e-02 1.47823e-27
2.35195e-02 7.56650e-28
2.86512e-02 4.36779e-28
3.49025e-02 2.84461e-28
4.25179e-02 9.08842e-29
5.17947e-02 1.51333e-29
6.30957e-02 3.92502e-30
7.68625e-02 1.53218e-30
9.36329e-02 7.27619e-31
1.14062e-01 4.07351e-31
1.38950e-01 2.64877e-31
1.69267e-01 2.09920e-31
2.06199e-01 1.62147e-31
2.51189e-01 1.45794e-31
3.05995e-01 1.25743e-31
3.72759e-01 1.07234e-31
4.54091e-01 8.74043e-32
5.53168e-01 7.92488e-32
6.73863e-01 6.38685e-32
8.20891e-01 5.65106e-32
1.00000e+00 4.16441e-32
