3.00000e-05 inf
3.47395e-05 inf
4.02278e-05 inf
4.65831e-05 1.12617e-20
5.39425e-05 2.48865e-22
6.24646e-05 3.83052e-23
7.23330e-05 1.01174e-23
8.37604e-05 3.08431e-24
9.69932e-05 7.76218e-29
1.12317e-04 3.13853e-30
1.30061e-04 7.48468e-31
1.50608e-04 2.84975e-31
1.74402e-04 1.43277e-31
2.01955e-04 1.23895e-31
2.33860e-04 9.54938e-32
2.70806e-04 9.70268e-32
3.13590e-04 9.56291e-32
3.63132e-04 9.70136e-32
4.20501e-04 1.11679e-31
4.86933e-04 1.33404e-31
5.63860e-04 1.35941e-31
6.52941e-04 1.24767e-31
7.56095e-04 1.13853e-31
8.75546e-04 9.80749e-32
1.01387e-03 8.26544e-32
1.17404e-03 7.74809e-32
1.35952e-03 6.64366e-32
1.57431e-03 4.95466e-32
1.82302e-03 4.60322e-32
2.11103e-03 3.95772e-32
2.44454e-03 3.54351e-32
2.83074e-03 2.87259e-32
3.27795e-03 2.47249e-32
3.79581e-03 2.33202e-32
4.39549e-03 1.98208e-32
5.08990e-03 1.79239e-32
5.89402e-03 1.53293e-32
6.82518e-03 1.41458e-32
7.90345e-03 1.26918e-32
9.15207e-03 1.17489e-32
1.05980e-02 9.68260e-33
1.22723e-02 1.00059e-32
1.42111e-02 9.47610e-33
1.64562e-02 9.47462e-33
1.90560e-02 8.94363e-33
2.20666e-02 1.10300e-32
2.55527e-02 1.11683e-32
2.95896e-02 1.14513e-32
3.42643e-02 1.16104e-32
3.96775e-02 1.13962e-32
4.59459e-02 9.00482e-33
5.32047e-02 7.64107e-33
6.16101e-02 4.82100e-33
7.13435e-02 4.36173e-33
8.26147e-02 3.41120e-33
9.56665e-02 2.99551e-33
1.10780e-01 2.61226e-33
1.28282e-01 2.44939e-33
1.48548e-01 2.02443e-33
1.72016e-01 2.07053e-33
1.99192e-01 2.10662e-33
2.30661e-01 2.16817e-33
2.67102e-01 2.26149e-33
3.09300e-01 2.37130e-33
3.58164e-01 2.49549e-33
4.14749e-01 2.61275e-33
4.80272e-01 2.73402e-33
5.56147e-01 2.83518e-33
6.44010e-01 2.93778e-33
7.45753e-01 3.00904e-33
8.63570e-01 3.00451e-33
1.00000e+00 3.21455e-33
