1.00000e-06 inf
1.25485e-06 inf
1.57465e-06 inf
1.97594e-06 inf
2.47951e-06 inf
3.11141e-06 inf
3.90435e-06 inf
4.89938e-06 inf
6.14798e-06 inf
7.71479e-06 inf
9.68089e-06 inf
1.21481e-05 inf
1.52440e-05 inf
1.91289e-05 inf
2.40039e-05 inf
3.01213e-05 inf
3.77976e-05 inf
4.74304e-05 inf
5.95179e-05 inf
7.46860e-05 inf
9.37197e-05 inf
1.17604e-04 inf
1.47575e-04 2.54434e-04
1.85185e-04 8.65624e-07
2.32379e-04 1.95026e-08
2.91601e-04 6.49589e-10
3.65915e-04 3.21656e-11
4.59168e-04 1.97815e-12
5.76187e-04 1.40598e-13
7.23028e-04 1.08998e-14
9.07291e-04 9.21128e-16
1.13851e-03 8.37802e-17
1.42866e-03 8.08626e-18
1.79276e-03 8.44528e-19
2.24964e-03 9.64797e-20
2.82296e-03 1.18044e-20
3.54239e-03 1.53823e-21
4.44516e-03 2.08059e-22
5.57800e-03 2.88838e-23
6.99955e-03 4.04844e-24
8.78339e-03 5.62986e-25
1.10218e-02 8.00533e-26
1.38307e-02 1.20884e-26
1.73555e-02 2.08589e-27
2.17785e-02 4.55313e-28
2.73287e-02 1.22075e-28
3.42935e-02 4.44580e-29
4.30331e-02 5.29651e-30
5.40001e-02 6.36007e-31
6.77620e-02 1.44345e-31
8.50310e-02 5.31978e-32
1.06701e-01 2.79535e-32
1.33894e-01 1.64877e-32
1.68017e-01 1.12496e-32
2.10835e-01 7.87161e-33
2.64567e-01 5.64999e-33
3.31991e-01 4.68157e-33
4.16599e-01 3.67071e-33
5.22769e-01 2.98197e-33
6.55996e-01 2.41198e-33
8.23176e-01 1.95316e-33
1.03296e+00 1.38352e-33
1.29621e+00 1.02794e-33
1.62655e+00 7.84745e-34
2.04108e+00 5.10495e-34
2.56124e+00 3.24624e-34
3.21397e+00 1.63737e-34
4.03305e+00 1.02450e-34
5.06087e+00 8.08204e-35
6.35063e+00 4.39161e-35
7.96908e+00 2.14623e-35
1.00000e+01 1.29977e-35
