3.00000e-05 inf
3.47395e-05 inf
4.02278e-05 inf
4.65831e-05 inf
5.39425e-05 inf
6.24646e-05 inf
7.23330e-05 inf
8.37604e-05 inf
9.69932e-05 inf
1.12317e-04 inf
1.30061e-04 inf
1.50608e-04 inf
1.74402e-04 inf
2.01955e-04 inf
2.33860e-04 inf
2.70806e-04 inf
3.13590e-04 inf
3.63132e-04 inf
4.20501e-04 inf
4.86933e-04 inf
5.63860e-04 inf
6.52941e-04 inf
7.56095e-04 inf
8.75546e-04 inf
1.01387e-03 inf
1.17404e-03 inf
1.35952e-03 inf
1.57431e-03 inf
1.82302e-03 inf
2.11103e-03 inf
2.44454e-03 inf
2.83074e-03 inf
3.27795e-03 inf
3.79581e-03 inf
4.39549e-03 inf
5.08990e-03 inf
5.89402e-03 inf
6.82518e-03 inf
7.90345e-03 inf
9.15207e-03 inf
1.05980e-02 inf
1.22723e-02 inf
1.42111e-02 inf
1.64562e-02 inf
1.90560e-02 3.88558e-27
2.20666e-02 2.65521e-29
2.55527e-02 1.86106e-30
2.95896e-02 3.02901e-31
3.42643e-02 4.95865e-32
3.96775e-02 5.16994e-33
4.59459e-02 8.10441e-34
5.32047e-02 1.97560e-34
6.16101e-02 6.95397e-35
7.13435e-02 3.26256e-35
8.26147e-02 1.84488e-35
9.56665e-02 8.31545e-36
1.10780e-01 3.70008e-36
1.28282e-01 1.99480e-36
1.48548e-01 1.27107e-36
1.72016e-01 8.92506e-37
1.99192e-01 6.70426e-37
2.30661e-01 5.86516e-37
2.67102e-01 4.94883e-37
3.09300e-01 4.60312e-37
3.58164e-01 3.99666e-37
4.14749e-01 2.96895e-37
4.80272e-01 2.06247e-37
5.56147e-01 1.61267e-37
6.44010e-01 1.06226e-37
7.45753e-01 9.98337e-38
8.63570e-01 7.18009e-38
1.00000e+00 5.78890e-38
