1.00000e-03 inf
1.21819e-03 inf
1.48398e-03 1.67457e-35
1.80777e-03 8.71516e-38
2.20220e-03 1.57692e-38
2.68270e-03 6.55151e-39
3.26803e-03 3.60168e-39
3.98107e-03 2.45370e-39
4.84969e-03 1.95488e-39
5.90784e-03 1.75201e-39
7.19686e-03 1.67211e-39
8.76712e-03 1.70156e-39
1.06800e-02 1.79394e-39
1.30103e-02 2.03295e-39
1.58489e-02 2.22283e-39
1.93070e-02 2.47703e-39
2.35195e-02 2.83275e-39
2.86512e-02 3.40321e-39
3.49025e-02 3.89423e-39
4.25179e-02 4.64578e-39
5.17947e-02 5.61282e-39
6.30957e-02 6.52544e-39
7.68625e-02 8.10364e-39
9.36329e-02 9.68557e-39
1.14062e-01 1.17240e-38
1.38950e-01 1.39431e-38
1.69267e-01 1.70841e-38
2.06199e-01 2.06868e-38
2.51189e-01 2.48523e-38
3.05995e-01 2.99788e-38
3.72759e-01 3.69302e-38
4.54091e-01 4.40454e-38
5.53168e-01 5.34800e-38
6.73863e-01 6.63368e-38
8.20891e-01 8.21273e-38
1.00000e+00 9.71166e-38
