1.00000e-05 inf
1.21547e-05 inf
1.47738e-05 inf
1.79571e-05 inf
2.18264e-05 inf
2.65295e-05 inf
3.22459e-05 inf
3.91941e-05 inf
4.76394e-05 inf
5.79044e-05 inf
7.03814e-05 inf
8.55467e-05 inf
1.03980e-04 inf
1.26385e-04 inf
1.53617e-04 inf
1.86718e-04 4.41330e-01
2.26951e-04 2.84247e-03
2.75853e-04 5.22616e-05
3.35292e-04 1.79847e-06
4.07539e-04 8.41260e-08
4.95354e-04 4.78673e-09
6.02089e-04 3.09958e-10
7.31824e-04 2.20393e-11
8.89513e-04 1.69083e-12
1.08118e-03 1.40565e-13
1.31415e-03 1.23954e-14
1.59731e-03 1.17335e-15
1.94149e-03 1.20681e-16
2.35983e-03 1.32675e-17
2.86832e-03 1.55425e-18
3.48637e-03 1.90280e-19
4.23759e-03 2.43023e-20
5.15068e-03 3.14073e-21
6.26052e-03 4.07296e-22
7.60950e-03 5.23627e-23
9.24915e-03 6.68000e-24
1.12421e-02 8.65526e-25
1.36645e-02 1.18465e-25
1.66088e-02 1.80482e-26
2.01876e-02 3.42503e-27
2.45375e-02 7.64090e-28
2.98247e-02 2.17328e-28
3.62512e-02 7.95626e-29
4.40624e-02 7.03380e-30
5.35567e-02 1.16968e-30
6.50968e-02 2.99359e-31
7.91234e-02 1.18582e-31
9.61725e-02 6.15294e-32
1.16895e-01 3.76161e-32
1.42083e-01 2.45629e-32
1.72698e-01 1.62369e-32
2.09910e-01 1.16014e-32
2.55141e-01 8.05540e-33
3.10117e-01 6.31713e-33
3.76939e-01 5.30732e-33
4.58160e-01 4.06942e-33
5.56881e-01 3.64697e-33
6.76875e-01 2.92374e-33
8.22724e-01 2.57378e-33
1.00000e+00 1.93957e-33
