1.00000e-12 inf
1.09428e-12 inf
1.19745e-12 inf
1.31035e-12 inf
1.43389e-12 inf
1.56908e-12 inf
1.71701e-12 inf
1.87889e-12 inf
2.05604e-12 inf
2.24988e-12 inf
2.46200e-12 inf
2.69413e-12 inf
2.94813e-12 inf
3.22608e-12 inf
3.53024e-12 inf
3.86308e-12 inf
4.22729e-12 inf
4.62585e-12 inf
5.06198e-12 inf
5.53922e-12 inf
6.06147e-12 inf
6.63295e-12 inf
7.25831e-12 inf
7.94263e-12 inf
8.69147e-12 inf
9.51091e-12 inf
1.04076e-11 inf
1.13889e-11 inf
1.24626e-11 inf
1.36376e-11 inf
1.49234e-11 inf
1.63304e-11 inf
1.78700e-11 inf
1.95548e-11 inf
2.13984e-11 inf
2.34159e-11 inf
2.56236e-11 inf
2.80394e-11 inf
3.06830e-11 inf
3.35758e-11 inf
3.67414e-11 inf
4.02054e-11 inf
4.39960e-11 inf
4.81440e-11 inf
5.26831e-11 inf
5.76501e-11 inf
6.30854e-11 inf
6.90332e-11 inf
7.55417e-11 inf
8.26639e-11 inf
9.04575e-11 inf
9.89859e-11 inf
1.08318e-10 inf
1.18531e-10 inf
1.29706e-10 inf
1.41935e-10 inf
1.55317e-10 inf
1.69960e-10 inf
1.85984e-10 inf
2.03519e-10 inf
2.22707e-10 inf
2.43704e-10 inf
2.66680e-10 inf
2.91823e-10 inf
3.19337e-10 inf
3.49444e-10 inf
3.82390e-10 inf
4.18442e-10 inf
4.57894e-10 inf
5.01064e-10 inf
5.48305e-10 inf
6.00000e-10 inf
1.00000e-09 inf
1.07312e-09 inf
1.15159e-09 inf
1.23580e-09 inf
1.32616e-09 inf
1.42313e-09 1.27716e-11
1.52720e-09 9.90419e-12
1.63887e-09 7.64571e-12
1.75871e-09 5.88981e-12
1.88731e-09 4.54854e-12
2.02531e-09 3.56491e-12
2.17341e-09 2.81867e-12
2.33233e-09 2.24894e-12
2.50288e-09 1.86722e-12
2.68589e-09 1.46577e-12
2.88229e-09 1.25185e-12
3.09305e-09 1.04293e-12
3.31922e-09 9.10444e-13
3.56193e-09 8.66937e-13
3.82238e-09 8.52587e-13
4.10188e-09 6.88719e-13
4.40182e-09 5.03224e-13
4.72369e-09 3.92314e-13
5.06910e-09 3.23805e-13
5.43977e-09 2.74393e-13
5.83753e-09 2.24134e-13
6.26439e-09 1.85832e-13
6.72245e-09 1.57997e-13
7.21401e-09 1.43359e-13
7.74152e-09 1.18476e-13
8.30759e-09 9.55699e-14
8.91506e-09 7.51158e-14
9.56695e-09 6.20976e-14
1.02665e-08 4.98223e-14
1.10172e-08 4.23267e-14
1.18228e-08 3.70877e-14
1.26873e-08 3.15525e-14
1.36151e-08 2.65408e-14
1.46106e-08 2.31087e-14
1.56790e-08 2.10586e-14
1.68255e-08 2.51715e-14
1.80558e-08 3.10062e-14
1.93761e-08 3.24019e-14
2.07929e-08 2.42597e-14
2.23133e-08 1.59753e-14
2.39449e-08 1.64972e-14
2.56958e-08 1.68262e-14
2.75747e-08 1.64822e-14
2.95910e-08 1.56124e-14
3.17548e-08 1.47703e-14
3.40768e-08 1.39257e-14
3.65686e-08 1.33669e-14
3.92425e-08 1.25689e-14
4.21120e-08 1.26390e-14
4.51914e-08 1.22415e-14
4.84958e-08 1.22239e-14
5.20420e-08 1.25624e-14
5.58474e-08 1.24733e-14
5.99311e-08 1.29046e-14
6.43134e-08 1.34259e-14
6.90161e-08 1.35867e-14
7.40627e-08 1.39925e-14
7.94783e-08 1.47753e-14
8.52900e-08 1.51736e-14
9.15265e-08 1.53860e-14
9.82192e-08 1.60316e-14
1.05401e-07 inf
1.13108e-07 inf
1.21379e-07 inf
1.30255e-07 inf
1.39779e-07 inf
1.50000e-07 inf
