# DM Mass [GeV] Xsec [cm^2]
7.097e-05 2.263e-12
7.311e-05 1.098e-12
7.531e-05 5.331e-13
7.758e-05 2.588e-13
7.992e-05 1.256e-13
8.234e-05 6.097e-14
8.482e-05 2.960e-14
8.738e-05 1.587e-14
9.001e-05 9.846e-15
9.273e-05 6.110e-15
9.552e-05 3.791e-15
9.840e-05 2.353e-15
1.014e-04 1.460e-15
1.044e-04 9.059e-16
1.076e-04 6.171e-16
1.108e-04 4.296e-16
1.142e-04 2.991e-16
1.176e-04 2.083e-16
1.212e-04 1.450e-16
1.248e-04 1.010e-16
1.286e-04 7.108e-17
1.325e-04 5.207e-17
1.364e-04 3.815e-17
1.406e-04 2.795e-17
1.448e-04 2.047e-17
1.492e-04 1.500e-17
1.537e-04 1.099e-17
1.583e-04 8.154e-18
1.631e-04 6.100e-18
1.680e-04 4.563e-18
1.731e-04 3.413e-18
1.783e-04 2.553e-18
1.837e-04 1.910e-18
1.892e-04 1.429e-18
1.949e-04 1.083e-18
2.008e-04 8.207e-19
2.068e-04 6.219e-19
2.131e-04 4.713e-19
2.195e-04 3.572e-19
2.261e-04 2.707e-19
2.329e-04 2.053e-19
2.400e-04 1.559e-19
2.472e-04 1.184e-19
2.547e-04 8.989e-20
2.623e-04 6.826e-20
2.703e-04 5.183e-20
2.784e-04 3.936e-20
2.868e-04 3.049e-20
2.955e-04 2.371e-20
3.044e-04 1.843e-20
3.135e-04 1.433e-20
3.230e-04 1.115e-20
3.327e-04 8.668e-21
3.428e-04 6.718e-21
3.531e-04 5.153e-21
3.638e-04 3.953e-21
3.747e-04 3.033e-21
3.860e-04 2.326e-21
3.977e-04 1.784e-21
4.097e-04 1.369e-21
4.220e-04 1.067e-21
4.348e-04 8.389e-22
4.479e-04 6.596e-22
4.614e-04 5.186e-22
4.753e-04 4.078e-22
4.896e-04 3.206e-22
5.044e-04 2.521e-22
5.196e-04 1.974e-22
5.353e-04 1.545e-22
5.514e-04 1.210e-22
5.680e-04 9.473e-23
5.852e-04 7.417e-23
6.028e-04 5.807e-23
6.210e-04 4.549e-23
6.397e-04 3.566e-23
6.590e-04 2.795e-23
6.789e-04 2.190e-23
6.994e-04 1.717e-23
7.205e-04 1.345e-23
7.422e-04 1.055e-23
7.646e-04 8.322e-24
7.877e-04 6.574e-24
8.114e-04 5.193e-24
8.359e-04 4.103e-24
8.611e-04 3.241e-24
8.871e-04 2.560e-24
9.138e-04 2.016e-24
9.414e-04 1.572e-24
9.698e-04 1.226e-24
9.990e-04 9.560e-25
1.029e-03 6.084e-25
1.060e-03 4.826e-25
1.092e-03 3.828e-25
1.125e-03 3.036e-25
1.159e-03 2.408e-25
1.194e-03 1.910e-25
1.230e-03 1.515e-25
1.267e-03 1.200e-25
1.305e-03 9.503e-26
1.345e-03 7.527e-26
1.385e-03 5.962e-26
1.427e-03 4.723e-26
1.470e-03 3.741e-26
1.514e-03 2.965e-26
1.560e-03 2.351e-26
1.607e-03 1.864e-26
1.656e-03 1.478e-26
1.706e-03 1.172e-26
1.757e-03 9.294e-27
1.810e-03 7.370e-27
1.865e-03 5.859e-27
1.921e-03 4.658e-27
1.979e-03 3.703e-27
2.038e-03 2.944e-27
2.100e-03 2.340e-27
2.163e-03 1.861e-27
2.228e-03 1.483e-27
2.296e-03 1.185e-27
2.365e-03 9.478e-28
2.436e-03 7.578e-28
2.510e-03 6.059e-28
2.585e-03 4.844e-28
2.663e-03 3.873e-28
2.744e-03 3.101e-28
2.826e-03 2.483e-28
2.912e-03 1.988e-28
2.999e-03 1.592e-28
3.090e-03 1.275e-28
3.183e-03 1.021e-28
3.279e-03 8.180e-29
3.378e-03 6.593e-29
3.480e-03 5.314e-29
3.585e-03 4.283e-29
3.693e-03 3.452e-29
3.804e-03 2.782e-29
3.919e-03 2.242e-29
4.037e-03 1.812e-29
4.159e-03 1.469e-29
4.284e-03 1.190e-29
4.414e-03 9.647e-30
4.547e-03 7.819e-30
4.684e-03 6.337e-30
4.825e-03 5.136e-30
4.971e-03 4.169e-30
5.121e-03 3.385e-30
5.275e-03 2.749e-30
5.434e-03 2.232e-30
5.598e-03 1.812e-30
5.767e-03 1.472e-30
5.941e-03 1.196e-30
6.120e-03 9.765e-31
6.305e-03 7.972e-31
6.495e-03 6.508e-31
6.691e-03 5.313e-31
6.892e-03 4.337e-31
7.100e-03 3.540e-31
7.314e-03 2.899e-31
7.535e-03 2.380e-31
7.762e-03 1.954e-31
7.996e-03 1.604e-31
8.238e-03 1.317e-31
8.486e-03 1.081e-31
8.742e-03 8.874e-32
9.006e-03 7.318e-32
9.277e-03 6.038e-32
9.557e-03 4.981e-32
9.845e-03 4.110e-32
1.014e-02 3.391e-32
1.045e-02 2.797e-32
1.076e-02 2.314e-32
1.109e-02 1.927e-32
1.142e-02 1.605e-32
1.177e-02 1.337e-32
1.212e-02 1.113e-32
1.249e-02 9.274e-33
1.286e-02 7.724e-33
1.325e-02 6.474e-33
1.365e-02 5.447e-33
1.406e-02 4.583e-33
1.449e-02 3.856e-33
1.492e-02 3.245e-33
1.537e-02 2.730e-33
1.584e-02 2.297e-33
1.632e-02 1.964e-33
1.681e-02 1.679e-33
1.731e-02 1.436e-33
1.784e-02 1.228e-33
1.837e-02 1.050e-33
1.893e-02 8.976e-34
1.950e-02 7.735e-34
2.009e-02 6.769e-34
2.069e-02 5.924e-34
2.132e-02 5.185e-34
2.196e-02 4.538e-34
2.262e-02 3.971e-34
2.331e-02 3.476e-34
2.401e-02 3.082e-34
2.473e-02 2.748e-34
2.548e-02 2.451e-34
2.625e-02 2.186e-34
2.704e-02 1.950e-34
2.785e-02 1.694e-34
2.869e-02 1.392e-34
2.956e-02 1.144e-34
3.045e-02 9.397e-35
3.137e-02 7.720e-35
3.232e-02 5.768e-35
3.329e-02 3.768e-35
3.429e-02 2.224e-35
3.533e-02 1.313e-35
3.639e-02 7.751e-36
3.749e-02 4.576e-36
3.862e-02 2.701e-36
3.979e-02 1.595e-36
4.099e-02 1.046e-36
4.222e-02 6.873e-37
4.350e-02 4.517e-37
4.481e-02 2.968e-37
4.616e-02 1.951e-37
4.755e-02 1.282e-37
4.899e-02 8.776e-38
5.046e-02 6.505e-38
5.199e-02 4.822e-38
5.355e-02 3.574e-38
5.517e-02 2.649e-38
5.683e-02 1.964e-38
5.855e-02 1.456e-38
6.031e-02 1.145e-38
6.213e-02 9.241e-39
6.401e-02 7.459e-39
6.594e-02 6.020e-39
6.792e-02 4.859e-39
6.997e-02 3.922e-39
7.208e-02 3.164e-39
7.426e-02 2.532e-39
7.650e-02 2.027e-39
7.880e-02 1.622e-39
8.118e-02 1.298e-39
8.363e-02 1.039e-39
8.615e-02 8.318e-40
8.875e-02 6.647e-40
9.143e-02 5.298e-40
9.418e-02 4.223e-40
9.702e-02 3.366e-40
9.995e-02 2.683e-40
1.030e-01 2.139e-40
1.061e-01 1.705e-40
1.093e-01 1.419e-40
1.126e-01 1.195e-40
1.160e-01 1.007e-40
1.195e-01 8.487e-41
1.231e-01 7.151e-41
1.268e-01 6.026e-41
1.306e-01 5.104e-41
1.345e-01 4.477e-41
1.386e-01 3.927e-41
1.428e-01 3.445e-41
1.471e-01 3.022e-41
1.515e-01 2.651e-41
1.561e-01 2.325e-41
1.608e-01 2.069e-41
1.656e-01 1.868e-41
1.706e-01 1.686e-41
1.758e-01 1.523e-41
1.811e-01 1.375e-41
1.865e-01 1.242e-41
1.922e-01 1.121e-41
1.980e-01 1.034e-41
2.039e-01 9.575e-42
2.101e-01 8.867e-42
2.164e-01 8.212e-42
2.230e-01 7.604e-42
2.297e-01 7.042e-42
2.366e-01 6.520e-42
2.437e-01 6.035e-42
2.511e-01 5.586e-42
2.587e-01 5.170e-42
2.665e-01 4.785e-42
2.745e-01 4.429e-42
2.828e-01 4.099e-42
2.913e-01 3.722e-42
3.001e-01 3.329e-42
3.091e-01 2.978e-42
3.185e-01 2.664e-42
3.281e-01 2.383e-42
3.380e-01 2.131e-42
3.482e-01 1.906e-42
3.587e-01 1.634e-42
3.695e-01 1.396e-42
3.806e-01 1.192e-42
3.921e-01 1.018e-42
4.039e-01 8.692e-43
4.161e-01 7.423e-43
4.287e-01 6.411e-43
4.416e-01 5.707e-43
4.549e-01 5.080e-43
4.686e-01 4.522e-43
4.828e-01 4.025e-43
4.973e-01 3.582e-43
5.123e-01 3.189e-43
5.278e-01 2.902e-43
5.437e-01 2.674e-43
5.601e-01 2.465e-43
5.770e-01 2.272e-43
5.944e-01 2.094e-43
6.123e-01 1.930e-43
6.308e-01 1.779e-43
6.498e-01 1.628e-43
6.694e-01 1.489e-43
6.896e-01 1.363e-43
7.104e-01 1.247e-43
7.318e-01 1.141e-43
7.539e-01 1.044e-43
7.766e-01 9.521e-44
8.000e-01 8.641e-44
8.242e-01 7.842e-44
8.490e-01 7.118e-44
8.746e-01 6.460e-44
9.010e-01 5.863e-44
9.282e-01 5.321e-44
9.562e-01 5.059e-44
9.850e-01 4.904e-44
1.015e+00 4.753e-44
1.045e+00 4.607e-44
1.077e+00 4.466e-44
1.109e+00 4.328e-44
1.143e+00 4.188e-44
1.177e+00 3.954e-44
1.213e+00 3.732e-44
1.249e+00 3.523e-44
1.287e+00 3.325e-44
1.326e+00 3.139e-44
1.366e+00 2.963e-44
1.407e+00 2.797e-44
1.449e+00 2.642e-44
1.493e+00 2.495e-44
1.538e+00 2.357e-44
1.585e+00 2.226e-44
1.632e+00 2.102e-44
1.682e+00 1.985e-44
1.732e+00 1.903e-44
1.785e+00 1.831e-44
1.838e+00 1.762e-44
1.894e+00 1.695e-44
1.951e+00 1.631e-44
2.010e+00 1.570e-44
2.070e+00 1.513e-44
2.133e+00 1.475e-44
2.197e+00 1.438e-44
2.263e+00 1.403e-44
2.332e+00 1.368e-44
2.402e+00 1.333e-44
2.474e+00 1.300e-44
2.549e+00 1.280e-44
2.626e+00 1.272e-44
2.705e+00 1.264e-44
2.787e+00 1.257e-44
2.871e+00 1.249e-44
2.957e+00 1.242e-44
3.047e+00 1.234e-44
3.138e+00 1.228e-44
3.233e+00 1.221e-44
3.331e+00 1.214e-44
3.431e+00 1.207e-44
3.535e+00 1.201e-44
3.641e+00 1.194e-44
3.751e+00 1.191e-44
3.864e+00 1.202e-44
3.981e+00 1.213e-44
4.101e+00 1.224e-44
4.224e+00 1.235e-44
4.352e+00 1.246e-44
4.483e+00 1.258e-44
4.618e+00 1.274e-44
4.758e+00 1.295e-44
4.901e+00 1.316e-44
5.049e+00 1.338e-44
5.201e+00 1.360e-44
5.358e+00 1.382e-44
5.520e+00 1.405e-44
5.686e+00 1.431e-44
5.858e+00 1.457e-44
6.034e+00 1.484e-44
6.216e+00 1.511e-44
6.404e+00 1.539e-44
6.597e+00 1.568e-44
6.796e+00 1.599e-44
7.001e+00 1.636e-44
7.212e+00 1.674e-44
7.429e+00 1.713e-44
7.653e+00 1.753e-44
7.884e+00 1.794e-44
8.122e+00 1.836e-44
8.367e+00 1.880e-44
8.619e+00 1.927e-44
8.879e+00 1.975e-44
9.147e+00 2.024e-44
9.423e+00 2.074e-44
9.707e+00 2.125e-44
1.000e+01 2.178e-44
