1.00000e-05 inf
1.21648e-05 inf
1.47983e-05 inf
1.80019e-05 inf
2.18991e-05 inf
2.66399e-05 inf
3.24070e-05 inf
3.94225e-05 inf
4.79569e-05 inf
5.83388e-05 inf
7.09682e-05 inf
8.63317e-05 inf
1.05021e-04 inf
1.27756e-04 inf
1.55414e-04 inf
1.89058e-04 inf
2.29986e-04 inf
2.79775e-04 inf
3.40341e-04 inf
4.14020e-04 inf
5.03649e-04 inf
6.12680e-04 inf
7.45316e-04 inf
9.06665e-04 inf
1.10294e-03 inf
1.34171e-03 inf
1.63217e-03 inf
1.98551e-03 inf
2.41534e-03 inf
2.93823e-03 inf
3.57430e-03 inf
4.34808e-03 inf
5.28937e-03 inf
6.43444e-03 inf
7.82739e-03 inf
9.52190e-03 inf
1.15832e-02 inf
1.40908e-02 inf
1.71413e-02 inf
2.08521e-02 8.95464e-27
2.53662e-02 2.41366e-29
3.08576e-02 4.81799e-31
3.75377e-02 2.02735e-32
4.56641e-02 1.45337e-33
5.55496e-02 2.37567e-34
6.75752e-02 7.11775e-35
8.22041e-02 2.98521e-35
1.00000e-01 7.24479e-36
1.23285e-01 2.75051e-36
1.51991e-01 1.54309e-36
1.87382e-01 1.07570e-36
2.31013e-01 7.73956e-37
2.84804e-01 6.37264e-37
3.51119e-01 4.15906e-37
4.32876e-01 1.68886e-37
5.33670e-01 1.03647e-37
6.57933e-01 6.17546e-38
8.11131e-01 4.82569e-38
1.00000e+00 3.29200e-38
