1.00000e-03 inf
1.21819e-03 inf
1.48398e-03 inf
1.80777e-03 inf
2.20220e-03 inf
2.68270e-03 inf
3.26803e-03 inf
3.98107e-03 inf
4.84969e-03 inf
5.90784e-03 inf
7.19686e-03 inf
8.76712e-03 inf
1.06800e-02 inf
1.30103e-02 inf
1.58489e-02 inf
1.93070e-02 inf
2.35195e-02 1.77693e-22
2.86512e-02 2.62794e-26
3.49025e-02 9.46802e-29
4.25179e-02 2.86425e-30
5.17947e-02 3.27014e-31
6.30957e-02 7.78511e-32
7.68625e-02 2.91195e-32
9.36329e-02 1.51638e-32
1.14062e-01 1.00773e-32
1.38950e-01 7.96226e-33
1.69267e-01 7.07667e-33
2.06199e-01 6.79039e-33
2.51189e-01 6.83165e-33
3.05995e-01 7.06074e-33
3.72759e-01 7.39144e-33
4.54091e-01 7.76100e-33
5.53168e-01 8.11884e-33
6.73863e-01 8.42317e-33
8.20891e-01 8.64134e-33
1.00000e+00 8.75123e-33
