1.00000e-05 inf
1.24520e-05 inf
1.55052e-05 5.29943e-27
1.93070e-05 3.77249e-30
2.40410e-05 3.22910e-31
2.99358e-05 7.17030e-32
3.72759e-05 3.50025e-32
4.64159e-05 2.46646e-32
5.77969e-05 6.81535e-33
7.19686e-05 3.41939e-33
8.96151e-05 2.44701e-33
1.11588e-04 2.11615e-33
1.38950e-04 2.12469e-33
1.73020e-04 2.33705e-33
2.15443e-04 2.76889e-33
2.68270e-04 3.37983e-33
3.34048e-04 4.29076e-33
4.15956e-04 5.54459e-33
5.17947e-04 7.26184e-33
6.44947e-04 9.46688e-33
8.03086e-04 1.22257e-32
1.00000e-03 1.56816e-32
1.24520e-03 2.03114e-32
1.55052e-03 2.55410e-32
1.93070e-03 3.22536e-32
2.40410e-03 4.05433e-32
2.99358e-03 5.01428e-32
3.72759e-03 6.23568e-32
4.64159e-03 7.74205e-32
5.77969e-03 9.37458e-32
7.19686e-03 1.15682e-31
8.96151e-03 1.38811e-31
1.11588e-02 1.68440e-31
1.38950e-02 2.00022e-31
1.73020e-02 2.38077e-31
2.15443e-02 2.82852e-31
2.68270e-02 3.42103e-31
3.34048e-02 4.12605e-31
4.15956e-02 4.97936e-31
5.17947e-02 2.48534e-31
6.44947e-02 7.03201e-32
8.03086e-02 2.78763e-32
1.00000e-01 1.40658e-32
1.24520e-01 8.94880e-33
1.55052e-01 6.47155e-33
1.93070e-01 4.83671e-33
2.40410e-01 4.15874e-33
2.99358e-01 3.58773e-33
3.72759e-01 3.22985e-33
4.64159e-01 1.96023e-33
5.77969e-01 1.64358e-33
7.19686e-01 1.53273e-33
8.96151e-01 1.10418e-33
1.11588e+00 1.14338e-33
1.38950e+00 8.86623e-34
1.73020e+00 6.74546e-34
2.15443e+00 4.15689e-34
2.68270e+00 2.75577e-34
3.34048e+00 1.83351e-34
4.15956e+00 1.06187e-34
5.17947e+00 5.94852e-35
6.44947e+00 4.08644e-35
8.03086e+00 1.56790e-35
1.00000e+01 4.60481e-36
