2.07324e-02 5.58089e-38
2.39010e-02 4.95595e-39
2.75540e-02 1.29671e-39
3.17653e-02 5.47118e-40
3.66202e-02 3.08804e-40
4.22171e-02 2.12076e-40
4.86694e-02 1.67118e-40
5.61079e-02 1.45221e-40
6.46832e-02 1.35056e-40
7.45692e-02 1.32356e-40
8.59661e-02 1.32810e-40
9.91049e-02 1.35849e-40
1.14252e-01 1.40539e-40
1.31714e-01 1.46138e-40
1.51844e-01 1.51274e-40
1.75052e-01 1.57829e-40
2.01806e-01 1.66915e-40
2.32650e-01 1.79264e-40
2.68207e-01 1.93358e-40
3.09199e-01 2.09814e-40
3.56456e-01 2.27662e-40
4.10936e-01 2.46858e-40
4.73742e-01 2.65953e-40
5.46147e-01 2.86108e-40
6.29619e-01 3.06491e-40
7.25848e-01 3.26944e-40
8.36784e-01 3.47357e-40
9.64676e-01 3.67673e-40
1.11211e+00 3.87909e-40
1.28209e+00 4.08168e-40
1.47804e+00 4.28229e-40
1.70393e+00 4.43363e-40
1.96436e+00 4.52615e-40
2.26458e+00 6.04124e-40
2.61070e+00 3.93408e-40
3.00971e+00 1.28280e-39
3.46970e+00 3.64268e-40
4.00000e+00 4.04657e-40
