9.91049e-02 4.76460e-38
1.14252e-01 1.62956e-38
1.31714e-01 5.06432e-39
1.51844e-01 2.25884e-39
1.75052e-01 1.28959e-39
2.01806e-01 8.80750e-40
2.32650e-01 6.82785e-40
2.68207e-01 8.88366e-40
3.09199e-01 8.07995e-40
3.56456e-01 7.69050e-40
4.10936e-01 7.54645e-40
4.73742e-01 7.55840e-40
5.46147e-01 7.68569e-40
6.29619e-01 7.88806e-40
7.25848e-01 8.14367e-40
8.36784e-01 8.43795e-40
9.64676e-01 8.76091e-40
1.11211e+00 9.10632e-40
1.28209e+00 9.47165e-40
1.47804e+00 9.85684e-40
1.70393e+00 1.02650e-39
1.96436e+00 1.07013e-39
2.26458e+00 1.11735e-39
2.61070e+00 1.16911e-39
3.00971e+00 1.22657e-39
3.46970e+00 1.29108e-39
4.00000e+00 1.36416e-39
