4.86694e-02 1.63152e-37
5.61079e-02 1.29211e-38
6.46832e-02 3.22271e-39
7.45692e-02 1.30895e-39
8.59661e-02 7.03212e-40
9.91049e-02 4.56846e-40
1.14252e-01 3.36812e-40
1.31714e-01 2.69502e-40
1.51844e-01 2.26842e-40
1.75052e-01 4.20948e-40
2.01806e-01 4.06997e-40
2.32650e-01 4.07734e-40
2.68207e-01 4.18366e-40
3.09199e-01 4.36023e-40
3.56456e-01 4.59638e-40
4.10936e-01 4.86462e-40
4.73742e-01 5.16460e-40
5.46147e-01 5.48324e-40
6.29619e-01 5.81495e-40
7.25848e-01 6.15531e-40
8.36784e-01 6.50087e-40
9.64676e-01 6.84967e-40
1.11211e+00 7.20110e-40
1.28209e+00 7.55616e-40
1.47804e+00 7.91759e-40
1.70393e+00 8.28974e-40
1.96436e+00 8.67858e-40
2.26458e+00 9.09167e-40
2.61070e+00 9.53796e-40
3.00971e+00 1.00278e-39
3.46970e+00 1.05730e-39
4.00000e+00 1.11866e-39
