1.00000e-06 inf
1.25485e-06 inf
1.57465e-06 inf
1.97594e-06 inf
2.47951e-06 inf
3.11141e-06 inf
3.90435e-06 inf
4.89938e-06 inf
6.14798e-06 inf
7.71479e-06 inf
9.68089e-06 inf
1.21481e-05 inf
1.52440e-05 inf
1.91289e-05 inf
2.40039e-05 7.08508e-24
3.01213e-05 4.79850e-28
3.77976e-05 5.75729e-29
4.74304e-05 1.64267e-30
5.95179e-05 4.53065e-31
7.46860e-05 2.43130e-31
9.37197e-05 1.76706e-31
1.17604e-04 1.58080e-31
1.47575e-04 1.62305e-31
1.85185e-04 1.85783e-31
2.32379e-04 2.21343e-31
2.91601e-04 2.79225e-31
3.65915e-04 3.62869e-31
4.59168e-04 4.72204e-31
5.76187e-04 6.20831e-31
7.23028e-04 8.13671e-31
9.07291e-04 1.05823e-30
1.13851e-03 1.39072e-30
1.42866e-03 1.78743e-30
1.79276e-03 2.27797e-30
2.24964e-03 2.87781e-30
2.82296e-03 3.56127e-30
3.54239e-03 4.46910e-30
4.44516e-03 5.54626e-30
5.57800e-03 6.84982e-30
6.99955e-03 8.52107e-30
8.78339e-03 1.03479e-29
1.10218e-02 1.25081e-29
1.38307e-02 1.50182e-29
1.73555e-02 1.80213e-29
2.17785e-02 2.16194e-29
2.73287e-02 2.62953e-29
3.42935e-02 2.08152e-29
4.30331e-02 1.76801e-29
5.40001e-02 8.84223e-30
6.77620e-02 3.66986e-30
8.50310e-02 1.70057e-30
1.06701e-01 1.00446e-30
1.33894e-01 7.23637e-31
1.68017e-01 5.50262e-31
2.10835e-01 4.52086e-31
2.64567e-01 2.81099e-31
3.31991e-01 2.36115e-31
4.16599e-01 2.26130e-31
5.22769e-01 1.87032e-31
6.55996e-01 1.56683e-31
8.23176e-01 1.28617e-31
1.03296e+00 1.02798e-31
1.29621e+00 7.42767e-32
1.62655e+00 5.45990e-32
2.04108e+00 3.93732e-32
2.56124e+00 2.42616e-32
3.21397e+00 1.56177e-32
4.03305e+00 9.31593e-33
5.06087e+00 5.63441e-33
6.35063e+00 3.33341e-33
7.96908e+00 1.08785e-33
1.00000e+01 2.51136e-34
