1.00000e-05 inf
1.21547e-05 inf
1.47738e-05 inf
1.79571e-05 inf
2.18264e-05 inf
2.65295e-05 inf
3.22459e-05 inf
3.91941e-05 inf
4.76394e-05 inf
5.79044e-05 inf
7.03814e-05 inf
8.55467e-05 inf
1.03980e-04 2.63768e-11
1.26385e-04 1.08157e-13
1.53617e-04 7.43297e-15
1.86718e-04 1.03807e-15
2.26951e-04 1.86616e-16
2.75853e-04 3.91384e-17
3.35292e-04 9.66293e-18
4.07539e-04 2.40634e-18
4.95354e-04 6.29241e-19
6.02089e-04 1.68400e-19
7.31824e-04 4.33278e-20
8.89513e-04 1.13331e-20
1.08118e-03 2.58961e-21
1.31415e-03 7.08128e-22
1.59731e-03 1.75962e-22
1.94149e-03 4.63226e-23
2.35983e-03 1.05754e-23
2.86832e-03 2.63610e-24
3.48637e-03 6.86168e-25
4.23759e-03 1.60831e-25
5.15068e-03 4.13369e-26
6.26052e-03 1.02210e-26
7.60950e-03 2.47190e-27
9.24915e-03 5.99196e-28
1.12421e-02 1.51211e-28
1.36645e-02 3.86121e-29
1.66088e-02 1.02613e-29
2.01876e-02 3.18143e-30
2.45375e-02 1.10976e-30
2.98247e-02 4.44172e-31
3.62512e-02 1.91820e-31
4.40624e-02 8.12676e-32
5.35567e-02 3.57636e-32
6.50968e-02 1.49956e-32
7.91234e-02 8.14731e-33
9.61725e-02 5.18486e-33
1.16895e-01 3.38111e-33
1.42083e-01 3.19384e-33
1.72698e-01 2.46246e-33
2.09910e-01 2.35520e-33
2.55141e-01 2.44509e-33
3.10117e-01 2.49644e-33
3.76939e-01 2.64475e-33
4.58160e-01 2.78280e-33
5.56881e-01 2.89068e-33
6.76875e-01 2.99944e-33
8.22724e-01 3.07720e-33
1.00000e+00 3.11086e-33
