1.00000e-01 inf
1.21819e-01 inf
1.48398e-01 inf
1.80777e-01 inf
2.20220e-01 inf
2.68270e-01 3.71030e-39
3.26803e-01 2.18285e-40
3.98107e-01 5.26974e-41
4.84969e-01 1.99382e-41
5.90784e-01 8.28235e-42
7.19686e-01 4.27123e-42
8.76712e-01 2.15133e-42
1.06800e+00 1.20485e-42
1.30103e+00 7.63129e-43
1.58489e+00 5.11145e-43
1.93070e+00 3.61826e-43
2.35195e+00 2.67419e-43
2.86512e+00 2.06305e-43
3.49025e+00 1.64274e-43
4.25179e+00 1.34893e-43
5.17947e+00 1.13203e-43
6.30957e+00 9.67201e-44
7.68625e+00 8.38600e-44
9.36329e+00 7.37516e-44
1.14062e+01 6.56166e-44
1.38950e+01 5.92926e-44
1.69267e+01 5.44375e-44
2.06199e+01 5.08521e-44
2.51189e+01 4.85642e-44
3.05995e+01 4.73585e-44
3.72759e+01 4.72613e-44
4.54091e+01 4.82843e-44
5.53168e+01 5.06191e-44
6.73863e+01 5.43847e-44
8.20891e+01 5.97778e-44
1.00000e+02 6.70493e-44
