1.00000e-02 inf
1.22168e-02 inf
1.49250e-02 inf
1.82335e-02 inf
2.22754e-02 inf
2.72134e-02 4.85865e-07
3.32460e-02 2.33128e-18
4.06159e-02 1.66888e-25
4.96195e-02 1.11857e-29
6.06190e-02 8.05407e-32
7.40568e-02 3.24800e-33
9.04736e-02 6.07776e-34
1.10530e-01 1.93454e-34
1.35031e-01 8.80076e-35
1.64965e-01 4.92055e-35
2.01534e-01 3.79051e-35
2.46209e-01 3.51777e-35
3.00788e-01 2.06782e-35
3.67466e-01 7.71861e-36
4.48925e-01 3.56842e-36
5.48442e-01 1.85112e-36
6.70019e-01 1.05306e-36
8.18547e-01 6.56315e-37
1.00000e+00 4.17007e-37
1.23285e+00 2.38074e-37
1.51991e+00 1.40856e-37
1.87382e+00 9.35612e-38
2.31013e+00 6.40733e-38
2.84804e+00 4.99092e-38
3.51119e+00 4.82819e-38
4.32876e+00 4.25236e-38
5.33670e+00 5.17445e-38
6.57933e+00 5.71648e-38
8.11131e+00 7.06513e-38
1.00000e+01 7.22710e-38
