3.00000e-05 inf
3.47395e-05 inf
4.02278e-05 inf
4.65831e-05 3.42238e-21
5.39425e-05 9.66374e-23
6.24646e-05 1.42479e-23
7.23330e-05 3.60233e-24
8.37604e-05 1.16858e-24
9.69932e-05 2.90802e-29
1.12317e-04 1.19744e-30
1.30061e-04 2.76673e-31
1.50608e-04 1.18294e-31
1.74402e-04 7.10839e-32
2.01955e-04 5.34341e-32
2.33860e-04 4.73216e-32
2.70806e-04 4.60090e-32
3.13590e-04 4.77091e-32
3.63132e-04 4.99192e-32
4.20501e-04 5.28330e-32
4.86933e-04 5.70464e-32
5.63860e-04 6.13361e-32
6.52941e-04 6.34430e-32
7.56095e-04 6.27775e-32
8.75546e-04 5.76864e-32
1.01387e-03 4.83553e-32
1.17404e-03 4.11620e-32
1.35952e-03 3.47556e-32
1.57431e-03 2.99334e-32
1.82302e-03 2.55411e-32
2.11103e-03 2.19605e-32
2.44454e-03 1.90041e-32
2.83074e-03 1.64731e-32
3.27795e-03 1.43494e-32
3.79581e-03 1.24925e-32
4.39549e-03 1.08899e-32
5.08990e-03 9.58854e-33
5.89402e-03 8.43495e-33
6.82518e-03 7.54305e-33
7.90345e-03 6.79363e-33
9.15207e-03 6.17453e-33
1.05980e-02 5.71844e-33
1.22723e-02 5.44371e-33
1.42111e-02 5.31114e-33
1.64562e-02 5.31314e-33
1.90560e-02 5.50848e-33
2.20666e-02 5.97913e-33
2.55527e-02 6.77815e-33
2.95896e-02 8.00208e-33
3.42643e-02 4.87676e-33
3.96775e-02 1.30346e-33
4.59459e-02 3.43656e-34
5.32047e-02 1.13868e-34
6.16101e-02 4.36299e-35
7.13435e-02 2.06471e-35
8.26147e-02 8.71936e-36
9.56665e-02 5.30331e-36
1.10780e-01 3.88513e-36
1.28282e-01 2.92489e-36
1.48548e-01 1.99488e-36
1.72016e-01 1.64537e-36
1.99192e-01 1.35794e-36
2.30661e-01 1.32840e-36
2.67102e-01 1.04080e-36
3.09300e-01 1.03582e-36
3.58164e-01 1.01040e-36
4.14749e-01 1.01764e-36
4.80272e-01 1.03435e-36
5.56147e-01 1.06346e-36
6.44010e-01 1.07067e-36
7.45753e-01 1.08445e-36
8.63570e-01 1.07753e-36
1.00000e+00 1.14298e-36
