1.00000e-03 inf
1.21819e-03 inf
1.48398e-03 1.88585e-32
1.80777e-03 9.32667e-35
2.20220e-03 9.87725e-36
2.68270e-03 2.21621e-36
3.26803e-03 7.37456e-37
3.98107e-03 3.65292e-37
4.84969e-03 2.39047e-37
5.90784e-03 1.61351e-37
7.19686e-03 1.30860e-37
8.76712e-03 1.06571e-37
1.06800e-02 9.42732e-38
1.30103e-02 8.62119e-38
1.58489e-02 8.36838e-38
1.93070e-02 9.26580e-38
2.35195e-02 9.53616e-38
2.86512e-02 1.06966e-37
3.49025e-02 1.14976e-37
4.25179e-02 1.26709e-37
5.17947e-02 1.62353e-37
6.30957e-02 1.78527e-37
7.68625e-02 2.10384e-37
9.36329e-02 2.35066e-37
1.14062e-01 2.75380e-37
1.38950e-01 3.44531e-37
1.69267e-01 3.97088e-37
2.06199e-01 4.76210e-37
2.51189e-01 5.77343e-37
3.05995e-01 7.16831e-37
3.72759e-01 8.22101e-37
4.54091e-01 1.02106e-36
5.53168e-01 1.23756e-36
6.73863e-01 1.48740e-36
8.20891e-01 1.83645e-36
1.00000e+00 2.24431e-36
