3.00000e-05 inf
3.47395e-05 inf
4.02278e-05 inf
4.65831e-05 3.30596e-21
5.39425e-05 9.37895e-23
6.24646e-05 1.39325e-23
7.23330e-05 3.50462e-24
8.37604e-05 1.14283e-24
9.69932e-05 4.35308e-25
1.12317e-04 1.85290e-25
1.30061e-04 8.66628e-26
1.50608e-04 4.28374e-26
1.74402e-04 2.21765e-26
2.01955e-04 1.18659e-26
2.33860e-04 6.61008e-27
2.70806e-04 3.76520e-27
3.13590e-04 2.16907e-27
3.63132e-04 1.28098e-27
4.20501e-04 7.61822e-28
4.86933e-04 4.61883e-28
5.63860e-04 2.82821e-28
6.52941e-04 1.72998e-28
7.56095e-04 1.06689e-28
8.75546e-04 6.66088e-29
1.01387e-03 4.16013e-29
1.17404e-03 2.61454e-29
1.35952e-03 1.65475e-29
1.57431e-03 1.04417e-29
1.82302e-03 6.60300e-30
2.11103e-03 4.20432e-30
2.44454e-03 2.69994e-30
2.83074e-03 1.73608e-30
3.27795e-03 1.12123e-30
3.79581e-03 7.21841e-31
4.39549e-03 4.69792e-31
5.08990e-03 3.08218e-31
5.89402e-03 2.01033e-31
6.82518e-03 1.33414e-31
7.90345e-03 8.86714e-32
9.15207e-03 6.02834e-32
1.05980e-02 4.16989e-32
1.22723e-02 2.93872e-32
1.42111e-02 2.14394e-32
1.64562e-02 1.61853e-32
1.90560e-02 1.29098e-32
2.20666e-02 1.07824e-32
2.55527e-02 9.62201e-33
2.95896e-02 9.17006e-33
3.42643e-02 4.25551e-33
3.96775e-02 8.68942e-34
4.59459e-02 1.93024e-34
5.32047e-02 5.84361e-35
6.16101e-02 2.12984e-35
7.13435e-02 9.31332e-36
8.26147e-02 4.25527e-36
9.56665e-02 2.61612e-36
1.10780e-01 1.59160e-36
1.28282e-01 1.16016e-36
1.48548e-01 9.00363e-37
1.72016e-01 7.96726e-37
1.99192e-01 6.94644e-37
2.30661e-01 5.32087e-37
2.67102e-01 4.62466e-37
3.09300e-01 3.71232e-37
3.58164e-01 3.93650e-37
4.14749e-01 3.73334e-37
4.80272e-01 3.73484e-37
5.56147e-01 3.72137e-37
6.44010e-01 3.70429e-37
7.45753e-01 3.73074e-37
8.63570e-01 3.64337e-37
1.00000e+00 3.87902e-37
