1.00000e-01 inf
1.21819e-01 inf
1.48398e-01 inf
1.80777e-01 inf
2.20220e-01 inf
2.68270e-01 4.10948e-39
3.26803e-01 2.65964e-40
3.98107e-01 5.93222e-41
4.84969e-01 2.36931e-41
5.90784e-01 1.02594e-41
7.19686e-01 4.35509e-42
8.76712e-01 2.09007e-42
1.06800e+00 1.14349e-42
1.30103e+00 7.12274e-43
1.58489e+00 4.80595e-43
1.93070e+00 3.41581e-43
2.35195e+00 2.55585e-43
2.86512e+00 1.98704e-43
3.49025e+00 1.59900e-43
4.25179e+00 1.32006e-43
5.17947e+00 1.11481e-43
6.30957e+00 9.56014e-44
7.68625e+00 8.31951e-44
9.36329e+00 7.32917e-44
1.14062e+01 6.54073e-44
1.38950e+01 5.91388e-44
1.69267e+01 5.43347e-44
2.06199e+01 5.08179e-44
2.51189e+01 4.85014e-44
3.05995e+01 4.73370e-44
3.72759e+01 4.72509e-44
4.54091e+01 4.82655e-44
5.53168e+01 5.05859e-44
6.73863e+01 5.43639e-44
8.20891e+01 5.97682e-44
1.00000e+02 6.70162e-44
