1.00000e-01 inf
1.21819e-01 inf
1.48398e-01 inf
1.80777e-01 inf
2.20220e-01 inf
2.68270e-01 5.09706e-37
3.26803e-01 7.90194e-38
3.98107e-01 2.41013e-38
4.84969e-01 8.66631e-39
5.90784e-01 1.26481e-39
7.19686e-01 3.35554e-40
8.76712e-01 1.22220e-40
1.06800e+00 5.62895e-41
1.30103e+00 2.52867e-41
1.58489e+00 1.39045e-41
1.93070e+00 5.85563e-42
2.35195e+00 3.24593e-42
2.86512e+00 2.03140e-42
3.49025e+00 1.37532e-42
4.25179e+00 1.00091e-42
5.17947e+00 7.64737e-43
6.30957e+00 6.10927e-43
7.68625e+00 5.05066e-43
9.36329e+00 4.28194e-43
1.14062e+01 3.71895e-43
1.38950e+01 3.29955e-43
1.69267e+01 2.98989e-43
2.06199e+01 2.77097e-43
2.51189e+01 2.62763e-43
3.05995e+01 2.55218e-43
3.72759e+01 2.54154e-43
4.54091e+01 2.59252e-43
5.53168e+01 2.71459e-43
6.73863e+01 2.91396e-43
8.20891e+01 3.20278e-43
1.00000e+02 3.59068e-43
