3.00000e-05 inf
3.49408e-05 inf
4.06954e-05 inf
4.73977e-05 inf
5.52039e-05 inf
6.42957e-05 inf
7.48849e-05 6.85618e-12
8.72180e-05 2.74399e-13
1.01582e-04 2.38151e-14
1.18312e-04 3.24456e-15
1.37798e-04 5.65500e-16
1.60492e-04 1.14068e-16
1.86925e-04 2.51360e-17
2.17710e-04 6.03885e-18
2.53566e-04 1.51725e-18
2.95327e-04 3.89927e-19
3.43966e-04 9.63780e-20
4.00615e-04 2.73853e-20
4.66594e-04 7.35581e-21
5.43440e-04 1.98360e-21
6.32942e-04 5.62899e-22
7.37184e-04 1.59034e-22
8.58594e-04 4.45937e-23
1.00000e-03 1.26617e-23
1.21648e-03 2.47013e-24
1.47983e-03 4.80009e-25
1.80019e-03 9.21482e-26
2.18991e-03 1.82497e-26
2.66399e-03 3.82651e-27
3.24070e-03 8.16176e-28
3.94225e-03 1.81187e-28
4.79569e-03 4.20092e-29
5.83388e-03 1.05788e-29
7.09682e-03 2.70935e-30
8.63317e-03 6.98210e-31
1.05021e-02 1.84536e-31
1.27756e-02 5.27060e-32
1.55414e-02 1.56570e-32
1.89058e-02 5.04153e-33
2.29986e-02 1.82992e-33
2.79775e-02 7.36115e-34
3.40341e-02 2.61633e-34
4.14020e-02 6.70802e-35
5.03649e-02 1.85944e-35
6.12680e-02 4.33956e-36
7.45316e-02 1.58430e-36
9.06665e-02 5.73733e-37
1.10294e-01 2.84543e-37
1.34171e-01 1.42013e-37
1.63217e-01 9.05257e-38
1.98551e-01 5.26260e-38
2.41534e-01 3.80337e-38
2.93823e-01 2.89673e-38
3.57430e-01 2.20286e-38
4.34808e-01 1.76380e-38
5.28937e-01 1.40873e-38
6.43444e-01 1.14950e-38
7.82739e-01 9.43704e-39
9.52190e-01 7.81526e-39
1.15832e+00 6.50937e-39
1.40908e+00 5.45713e-39
1.71413e+00 4.62709e-39
2.08521e+00 4.03036e-39
2.53662e+00 3.67958e-39
3.08576e+00 3.56028e-39
3.75377e+00 3.64673e-39
4.56641e+00 3.91671e-39
5.55496e+00 4.35076e-39
6.75752e+00 4.96840e-39
8.22041e+00 5.81743e-39
1.00000e+01 6.89283e-39
