1.00000e-01 inf
1.21819e-01 inf
1.48398e-01 inf
1.80777e-01 inf
2.20220e-01 inf
2.68270e-01 1.55668e-36
3.26803e-01 4.49648e-37
3.98107e-01 1.92812e-37
4.84969e-01 2.17025e-38
5.90784e-01 2.39010e-39
7.19686e-01 4.93712e-40
8.76712e-01 2.21936e-40
1.06800e+00 1.59113e-40
1.30103e+00 4.12972e-41
1.58489e+00 1.42982e-41
1.93070e+00 5.92424e-42
2.35195e+00 3.28308e-42
2.86512e+00 2.04075e-42
3.49025e+00 1.38301e-42
4.25179e+00 1.00215e-42
5.17947e+00 7.67059e-43
6.30957e+00 6.11228e-43
7.68625e+00 5.05572e-43
9.36329e+00 4.28653e-43
1.14062e+01 3.71882e-43
1.38950e+01 3.30128e-43
1.69267e+01 2.99003e-43
2.06199e+01 2.77126e-43
2.51189e+01 2.62756e-43
3.05995e+01 2.55277e-43
3.72759e+01 2.54143e-43
4.54091e+01 2.59326e-43
5.53168e+01 2.71463e-43
6.73863e+01 2.91536e-43
8.20891e+01 3.20352e-43
1.00000e+02 3.59057e-43
