1.00000e-02 inf
1.22168e-02 inf
1.49250e-02 inf
1.82335e-02 inf
2.22754e-02 inf
2.72134e-02 6.99833e-10
3.32460e-02 2.30341e-21
4.06159e-02 1.13196e-28
4.96195e-02 5.20436e-33
6.06190e-02 2.58845e-35
7.40568e-02 7.26970e-37
9.04736e-02 9.39334e-38
1.10530e-01 2.09480e-38
1.35031e-01 6.82897e-39
1.64965e-01 2.69142e-39
2.01534e-01 1.51740e-39
2.46209e-01 1.02122e-39
3.00788e-01 4.15514e-40
3.67466e-01 1.20800e-40
4.48925e-01 4.29772e-41
5.48442e-01 1.68381e-41
6.70019e-01 7.42624e-42
8.18547e-01 3.62276e-42
1.00000e+00 1.90438e-42
1.23285e+00 9.46849e-43
1.51991e+00 5.03943e-43
1.87382e+00 2.72906e-43
2.31013e+00 1.75957e-43
2.84804e+00 9.93360e-44
3.51119e+00 9.89356e-44
4.32876e+00 8.83954e-44
5.33670e+00 1.05361e-43
6.57933e+00 9.77868e-44
8.11131e+00 1.09572e-43
1.00000e+01 1.28028e-43
