3.00000e-05 inf
3.47395e-05 inf
4.02278e-05 inf
4.65831e-05 3.50441e-21
5.39425e-05 9.91500e-23
6.24646e-05 1.46507e-23
7.23330e-05 3.70007e-24
8.37604e-05 1.19751e-24
9.69932e-05 3.02420e-29
1.12317e-04 1.21670e-30
1.30061e-04 2.84108e-31
1.50608e-04 1.20845e-31
1.74402e-04 7.23659e-32
2.01955e-04 5.50623e-32
2.33860e-04 4.82765e-32
2.70806e-04 4.67960e-32
3.13590e-04 4.82778e-32
3.63132e-04 5.10075e-32
4.20501e-04 5.41911e-32
4.86933e-04 5.84722e-32
5.63860e-04 6.27086e-32
6.52941e-04 6.51415e-32
7.56095e-04 6.43037e-32
8.75546e-04 5.82778e-32
1.01387e-03 4.94408e-32
1.17404e-03 4.15658e-32
1.35952e-03 3.54223e-32
1.57431e-03 3.05250e-32
1.82302e-03 2.63945e-32
2.11103e-03 2.27407e-32
2.44454e-03 1.94700e-32
2.83074e-03 1.69155e-32
3.27795e-03 1.47114e-32
3.79581e-03 1.28309e-32
4.39549e-03 1.11788e-32
5.08990e-03 9.75551e-33
5.89402e-03 8.67569e-33
6.82518e-03 7.73648e-33
7.90345e-03 7.00297e-33
9.15207e-03 6.33414e-33
1.05980e-02 5.85017e-33
1.22723e-02 5.54560e-33
1.42111e-02 5.41319e-33
1.64562e-02 5.40698e-33
1.90560e-02 5.67645e-33
2.20666e-02 6.10492e-33
2.55527e-02 6.92043e-33
2.95896e-02 8.18129e-33
3.42643e-02 5.42993e-33
3.96775e-02 1.72466e-33
4.59459e-02 5.22194e-34
5.32047e-02 1.88567e-34
6.16101e-02 7.39174e-35
7.13435e-02 3.81989e-35
8.26147e-02 1.73898e-35
9.56665e-02 1.06980e-35
1.10780e-01 6.57856e-36
1.28282e-01 5.20976e-36
1.48548e-01 4.13813e-36
1.72016e-01 3.49860e-36
1.99192e-01 2.92584e-36
2.30661e-01 2.41496e-36
2.67102e-01 2.38379e-36
3.09300e-01 2.35992e-36
3.58164e-01 2.36675e-36
4.14749e-01 2.43095e-36
4.80272e-01 2.44260e-36
5.56147e-01 2.50653e-36
6.44010e-01 2.54710e-36
7.45753e-01 2.58929e-36
8.63570e-01 2.55597e-36
1.00000e+00 2.73271e-36
