3.00000e-05 inf
3.47395e-05 inf
4.02278e-05 inf
4.65831e-05 inf
5.39425e-05 inf
6.24646e-05 inf
7.23330e-05 inf
8.37604e-05 inf
9.69932e-05 inf
1.12317e-04 inf
1.30061e-04 inf
1.50608e-04 inf
1.74402e-04 1.85042e-01
2.01955e-04 1.39133e-03
2.33860e-04 4.34369e-05
2.70806e-04 2.40905e-06
3.13590e-04 1.93328e-07
3.63132e-04 1.94562e-08
4.20501e-04 2.26473e-09
4.86933e-04 2.94585e-10
5.63860e-04 4.13751e-11
6.52941e-04 6.15427e-12
7.56095e-04 9.63520e-13
8.75546e-04 1.55205e-13
1.01387e-03 2.58088e-14
1.17404e-03 4.39549e-15
1.35952e-03 7.56026e-16
1.57431e-03 1.31389e-16
1.82302e-03 2.32462e-17
2.11103e-03 4.11693e-18
2.44454e-03 7.25589e-19
2.83074e-03 1.26125e-19
3.27795e-03 2.17310e-20
3.79581e-03 3.68389e-21
4.39549e-03 6.19765e-22
5.08990e-03 1.02708e-22
5.89402e-03 1.67818e-23
6.82518e-03 2.70962e-24
7.90345e-03 4.38463e-25
9.15207e-03 7.14160e-26
1.05980e-02 1.19053e-26
1.22723e-02 2.04247e-27
1.42111e-02 3.70482e-28
1.64562e-02 7.32869e-29
1.90560e-02 1.70286e-29
2.20666e-02 4.34637e-30
2.55527e-02 1.27602e-30
2.95896e-02 4.50650e-31
3.42643e-02 1.08217e-31
3.96775e-02 1.28580e-32
4.59459e-02 2.05932e-33
5.32047e-02 5.31152e-34
6.16101e-02 1.79135e-34
7.13435e-02 8.80244e-35
8.26147e-02 4.71918e-35
9.56665e-02 2.67999e-35
1.10780e-01 1.44640e-35
1.28282e-01 7.56938e-36
1.48548e-01 4.21173e-36
1.72016e-01 3.16293e-36
1.99192e-01 2.36446e-36
2.30661e-01 1.85445e-36
2.67102e-01 1.70196e-36
3.09300e-01 1.56828e-36
3.58164e-01 1.28688e-36
4.14749e-01 1.21363e-36
4.80272e-01 1.10892e-36
5.56147e-01 8.86794e-37
6.44010e-01 8.20429e-37
7.45753e-01 6.97190e-37
8.63570e-01 5.39435e-37
1.00000e+00 4.93930e-37
