3.00000e-05 inf
3.47395e-05 inf
4.02278e-05 inf
4.65831e-05 inf
5.39425e-05 inf
6.24646e-05 inf
7.23330e-05 inf
8.37604e-05 7.05876e-15
9.69932e-05 7.23527e-16
1.12317e-04 2.21478e-15
1.30061e-04 5.84835e-14
1.50608e-04 1.92788e-14
1.74402e-04 7.16943e-15
2.01955e-04 2.38567e-15
2.33860e-04 5.25854e-16
2.70806e-04 1.08526e-16
3.13590e-04 2.52230e-17
3.63132e-04 6.41003e-18
4.20501e-04 1.72446e-18
4.86933e-04 4.86044e-19
5.63860e-04 1.41425e-19
6.52941e-04 4.31448e-20
7.56095e-04 1.32635e-20
8.75546e-04 4.15569e-21
1.01387e-03 1.31521e-21
1.17404e-03 4.21108e-22
1.35952e-03 1.33776e-22
1.57431e-03 4.24565e-23
1.82302e-03 1.36410e-23
2.11103e-03 4.31546e-24
2.44454e-03 1.35370e-24
2.83074e-03 4.18133e-25
3.27795e-03 1.25944e-25
3.79581e-03 3.76532e-26
4.39549e-03 1.10496e-26
5.08990e-03 3.21082e-27
5.89402e-03 9.23075e-28
6.82518e-03 2.64828e-28
7.90345e-03 7.69982e-29
9.15207e-03 2.25353e-29
1.05980e-02 6.76546e-30
1.22723e-02 2.10768e-30
1.42111e-02 6.89142e-31
1.64562e-02 2.42479e-31
1.90560e-02 9.71314e-32
2.20666e-02 4.03801e-32
2.55527e-02 1.88862e-32
2.95896e-02 9.99055e-33
3.42643e-02 3.28863e-33
3.96775e-02 4.05319e-34
4.59459e-02 7.69935e-35
5.32047e-02 1.88923e-35
6.16101e-02 6.92805e-36
7.13435e-02 3.17306e-36
8.26147e-02 1.60051e-36
9.56665e-02 9.25708e-37
1.10780e-01 6.24250e-37
1.28282e-01 3.69221e-37
1.48548e-01 2.28496e-37
1.72016e-01 1.57467e-37
1.99192e-01 1.13606e-37
2.30661e-01 9.47948e-38
2.67102e-01 7.67414e-38
3.09300e-01 7.84326e-38
3.58164e-01 6.32247e-38
4.14749e-01 6.07645e-38
4.80272e-01 4.80735e-38
5.56147e-01 4.54188e-38
6.44010e-01 4.11705e-38
7.45753e-01 4.16169e-38
8.63570e-01 4.24474e-38
1.00000e+00 4.11555e-38
