1.00000e-02 inf
1.22168e-02 inf
1.49250e-02 inf
1.82335e-02 6.05365e-20
2.22754e-02 1.09619e-25
2.72134e-02 5.09621e-28
3.32460e-02 1.24065e-29
4.06159e-02 6.00365e-31
4.96195e-02 6.08152e-32
6.06190e-02 1.30682e-32
7.40568e-02 4.74593e-33
9.04736e-02 1.38583e-33
1.10530e-01 4.31259e-34
1.35031e-01 2.09079e-34
1.64965e-01 1.27251e-34
2.01534e-01 9.33158e-35
2.46209e-01 7.08573e-35
3.00788e-01 6.27566e-35
3.67466e-01 2.91100e-35
4.48925e-01 1.54001e-35
5.48442e-01 9.77654e-36
6.70019e-01 6.91272e-36
8.18547e-01 4.57534e-36
1.00000e+00 3.12947e-36
