1.00000e-05 inf
1.21648e-05 inf
1.47983e-05 6.78353e-25
1.80019e-05 1.15294e-28
2.18991e-05 1.52344e-29
2.66399e-05 1.61538e-30
3.24070e-05 6.41847e-31
3.94225e-05 3.71318e-31
4.79569e-05 2.53941e-31
5.83388e-05 7.72118e-32
7.09682e-05 4.38874e-32
8.63317e-05 3.04182e-32
1.05021e-04 2.61829e-32
1.27756e-04 2.62834e-32
1.55414e-04 2.73337e-32
1.89058e-04 2.90551e-32
2.29986e-04 3.58236e-32
2.79775e-04 4.17349e-32
3.40341e-04 5.29206e-32
4.14020e-04 6.86765e-32
5.03649e-04 8.70007e-32
6.12680e-04 1.06021e-31
7.45316e-04 1.36592e-31
9.06665e-04 1.68515e-31
1.10294e-03 2.15204e-31
1.34171e-03 2.65738e-31
1.63217e-03 3.27467e-31
1.98551e-03 3.94550e-31
2.41534e-03 4.90287e-31
2.93823e-03 5.91828e-31
3.57430e-03 7.07120e-31
4.34808e-03 8.48451e-31
5.28937e-03 1.06461e-30
6.43444e-03 1.24166e-30
7.82739e-03 1.48729e-30
9.52190e-03 1.79156e-30
1.15832e-02 2.13050e-30
1.40908e-02 2.44737e-30
1.71413e-02 2.85994e-30
2.08521e-02 3.43560e-30
2.53662e-02 3.99491e-30
3.08576e-02 4.98849e-30
3.75377e-02 5.86980e-30
4.56641e-02 4.17891e-30
5.55496e-02 5.95617e-30
6.75752e-02 3.28634e-30
8.22041e-02 1.95094e-30
1.00000e-01 1.36681e-30
