1.00000e-03 3.96743e-12
1.21819e-03 3.78541e-13
1.48398e-03 3.69641e-14
1.80777e-03 3.68209e-15
2.20220e-03 3.71771e-16
2.68270e-03 3.72502e-17
3.26803e-03 3.68940e-18
3.98107e-03 3.55791e-19
4.84969e-03 3.36948e-20
5.90784e-03 3.11694e-21
7.19686e-03 2.81590e-22
8.76712e-03 2.51781e-23
1.06800e-02 2.27679e-24
1.30103e-02 2.17861e-25
1.58489e-02 2.29839e-26
1.93070e-02 2.92045e-27
2.35195e-02 4.72525e-28
2.86512e-02 7.51090e-29
3.49025e-02 1.17333e-29
4.25179e-02 2.13160e-30
5.17947e-02 4.54661e-31
6.30957e-02 1.41081e-31
7.68625e-02 5.62728e-32
9.36329e-02 2.90655e-32
1.14062e-01 1.77186e-32
1.38950e-01 1.17453e-32
1.69267e-01 9.93302e-33
2.06199e-01 7.79043e-33
2.51189e-01 7.53508e-33
3.05995e-01 7.56208e-33
3.72759e-01 7.72478e-33
4.54091e-01 8.00262e-33
5.53168e-01 8.29062e-33
6.73863e-01 8.54280e-33
8.20891e-01 8.72342e-33
1.00000e+00 8.81118e-33
