1.00000e-02 inf
1.22168e-02 inf
1.49250e-02 inf
1.82335e-02 1.30756e-21
2.22754e-02 2.95151e-27
2.72134e-02 2.05964e-29
3.32460e-02 7.61348e-31
4.06159e-02 3.33064e-32
4.96195e-02 3.16879e-33
6.06190e-02 6.56341e-34
7.40568e-02 2.33556e-34
9.04736e-02 6.91657e-35
1.10530e-01 2.17251e-35
1.35031e-01 1.03912e-35
1.64965e-01 6.50812e-36
2.01534e-01 4.66146e-36
2.46209e-01 3.45545e-36
3.00788e-01 3.24975e-36
3.67466e-01 1.42897e-36
4.48925e-01 7.40525e-37
5.48442e-01 4.68815e-37
6.70019e-01 3.24421e-37
8.18547e-01 2.03120e-37
1.00000e+00 1.70749e-37
