1.00000e-02 inf
1.14062e-02 inf
1.30103e-02 inf
1.48398e-02 inf
1.69267e-02 inf
1.93070e-02 inf
2.20220e-02 inf
2.51189e-02 inf
2.86512e-02 inf
3.26803e-02 inf
3.72759e-02 inf
4.25179e-02 1.42667e-29
4.84969e-02 1.37189e-30
5.53168e-02 3.37717e-31
6.30957e-02 1.21877e-31
7.19686e-02 5.66028e-32
8.20891e-02 3.18058e-32
9.36329e-02 2.07555e-32
1.06800e-01 1.52439e-32
1.21819e-01 1.22810e-32
1.38950e-01 1.06247e-32
1.58489e-01 9.70185e-33
1.80777e-01 9.22324e-33
2.06199e-01 9.03051e-33
2.35195e-01 9.03002e-33
2.68270e-01 9.16180e-33
3.05995e-01 9.38408e-33
3.49025e-01 9.66530e-33
3.98107e-01 9.97985e-33
4.54091e-01 1.03058e-32
5.17947e-01 1.06241e-32
5.90784e-01 1.09176e-32
6.73863e-01 1.11718e-32
7.68625e-01 1.13747e-32
8.76712e-01 1.15169e-32
1.00000e+00 1.15923e-32
