1.00000e-04 2.87318e-29
1.21819e-04 3.89048e-29
1.48398e-04 4.57308e-29
1.80777e-04 5.28843e-29
2.20220e-04 6.03339e-29
2.68270e-04 7.06854e-29
3.26803e-04 8.43446e-29
3.98107e-04 1.04042e-28
4.84969e-04 1.28551e-28
5.90784e-04 1.60158e-28
7.19686e-04 2.00417e-28
8.76712e-04 2.49903e-28
1.06800e-03 3.10802e-28
1.30103e-03 3.86101e-28
1.58489e-03 4.76279e-28
1.93070e-03 5.82276e-28
2.35195e-03 7.07490e-28
2.86512e-03 8.58542e-28
3.49025e-03 1.03533e-27
4.25179e-03 1.24739e-27
5.17947e-03 1.49334e-27
6.30957e-03 1.79498e-27
7.68625e-03 2.12188e-27
9.36329e-03 2.53583e-27
1.14062e-02 1.76463e-27
1.38950e-02 1.03894e-27
1.69267e-02 6.34870e-28
2.06199e-02 4.10144e-28
2.51189e-02 2.86639e-28
3.05995e-02 2.17330e-28
3.72759e-02 1.79183e-28
4.54091e-02 8.51633e-29
5.53168e-02 2.02951e-29
6.73863e-02 6.27177e-30
8.20891e-02 2.84975e-30
1.00000e-01 1.40444e-30
