# DM Mass [GeV] Xsec [cm^2]
7.233e-05 8.455e-14
8.546e-05 1.891e-15
1.010e-04 1.253e-16
1.193e-04 1.407e-17
1.409e-04 2.177e-18
1.665e-04 3.853e-19
1.967e-04 7.528e-20
2.324e-04 1.581e-20
2.745e-04 3.531e-21
3.243e-04 8.143e-22
3.832e-04 1.935e-22
4.527e-04 4.692e-23
5.348e-04 1.166e-23
6.318e-04 2.975e-24
7.464e-04 7.630e-25
8.818e-04 1.989e-25
1.042e-03 5.291e-26
1.231e-03 1.413e-26
1.454e-03 3.833e-27
1.718e-03 1.038e-27
2.030e-03 2.863e-28
2.398e-03 8.098e-29
2.833e-03 2.288e-29
3.347e-03 6.661e-30
3.954e-03 1.999e-30
4.671e-03 6.122e-31
5.519e-03 1.899e-31
6.520e-03 6.058e-32
7.703e-03 1.972e-32
9.100e-03 6.506e-33
1.075e-02 2.235e-33
1.270e-02 7.976e-34
1.501e-02 3.016e-34
1.773e-02 1.224e-34
2.094e-02 5.411e-35
2.474e-02 2.649e-35
2.923e-02 1.411e-35
3.454e-02 2.471e-36
4.080e-02 1.574e-37
4.820e-02 1.870e-38
5.695e-02 3.193e-39
6.728e-02 7.710e-40
7.949e-02 2.926e-40
9.391e-02 1.115e-40
1.109e-01 4.199e-41
1.311e-01 1.454e-41
1.548e-01 6.305e-42
1.829e-01 3.241e-42
2.161e-01 2.035e-42
2.553e-01 1.310e-42
3.017e-01 9.199e-43
3.564e-01 7.209e-43
4.210e-01 4.601e-43
4.974e-01 2.970e-43
5.877e-01 1.987e-43
6.943e-01 1.560e-43
8.202e-01 1.031e-43
9.691e-01 7.262e-44
1.145e+00 7.098e-44
1.353e+00 5.926e-44
1.598e+00 4.901e-44
1.888e+00 4.144e-44
2.230e+00 3.713e-44
2.635e+00 3.449e-44
3.113e+00 3.319e-44
3.678e+00 3.365e-44
4.345e+00 3.521e-44
5.133e+00 3.795e-44
6.064e+00 4.271e-44
7.165e+00 4.775e-44
8.464e+00 5.416e-44
1.000e+01 6.272e-44
