1.00000e-01 inf
1.21819e-01 inf
1.48398e-01 inf
1.80777e-01 inf
2.20220e-01 inf
2.68270e-01 inf
3.26803e-01 inf
3.98107e-01 9.74519e-38
4.84969e-01 8.89172e-39
5.90784e-01 1.63911e-39
7.19686e-01 4.52734e-40
8.76712e-01 1.87868e-40
1.06800e+00 9.11492e-41
1.30103e+00 3.40907e-41
1.58489e+00 1.21503e-41
1.93070e+00 4.85654e-42
2.35195e+00 2.72747e-42
2.86512e+00 1.74766e-42
3.49025e+00 1.22441e-42
4.25179e+00 9.12986e-43
5.17947e+00 7.14951e-43
6.30957e+00 5.81689e-43
7.68625e+00 4.86895e-43
9.36329e+00 4.17257e-43
1.14062e+01 3.64772e-43
1.38950e+01 3.26246e-43
1.69267e+01 2.96191e-43
2.06199e+01 2.75044e-43
2.51189e+01 2.61294e-43
3.05995e+01 2.54224e-43
3.72759e+01 2.53531e-43
4.54091e+01 2.58636e-43
5.53168e+01 2.70935e-43
6.73863e+01 2.91037e-43
8.20891e+01 3.19777e-43
1.00000e+02 3.58544e-43
