3.00000e-04 inf
3.78247e-04 inf
4.76901e-04 inf
6.01288e-04 inf
7.58117e-04 inf
9.55850e-04 inf
1.20516e-03 inf
1.51949e-03 inf
1.91580e-03 inf
2.41549e-03 inf
3.04550e-03 inf
3.83983e-03 inf
4.84134e-03 inf
6.10406e-03 inf
7.69614e-03 inf
9.70346e-03 inf
1.22343e-02 inf
1.54253e-02 inf
1.94486e-02 inf
2.45212e-02 inf
3.09168e-02 inf
3.89806e-02 inf
4.91476e-02 inf
6.19663e-02 inf
7.81285e-02 inf
9.85061e-02 inf
1.24199e-01 inf
1.56592e-01 inf
1.97435e-01 inf
2.48930e-01 3.86480e-35
3.13857e-01 6.34865e-38
3.95718e-01 1.74943e-39
4.98929e-01 3.30087e-40
6.29061e-01 1.30405e-40
7.93134e-01 7.17851e-41
1.00000e+00 4.40078e-41
