1.00000e-06 inf
1.25485e-06 inf
1.57465e-06 inf
1.97594e-06 inf
2.47951e-06 inf
3.11141e-06 inf
3.90435e-06 inf
4.89938e-06 inf
6.14798e-06 inf
7.71479e-06 inf
9.68089e-06 inf
1.21481e-05 inf
1.52440e-05 1.31172e-26
1.91289e-05 4.83355e-30
2.40039e-05 3.93392e-31
3.01213e-05 8.15025e-32
3.77976e-05 3.98480e-32
4.74304e-05 2.74943e-32
5.95179e-05 7.49744e-33
7.46860e-05 3.94085e-33
9.37197e-05 2.83373e-33
1.17604e-04 2.46155e-33
1.47575e-04 2.57009e-33
1.85185e-04 2.98719e-33
2.32379e-04 3.52957e-33
2.91601e-04 4.47308e-33
3.65915e-04 5.71226e-33
4.59168e-04 7.46563e-33
5.76187e-04 9.87106e-33
7.23028e-04 1.28893e-32
9.07291e-04 1.71219e-32
1.13851e-03 2.24485e-32
1.42866e-03 2.85533e-32
1.79276e-03 3.64799e-32
2.24964e-03 4.41013e-32
2.82296e-03 5.67689e-32
3.54239e-03 7.20298e-32
4.44516e-03 8.80413e-32
5.57800e-03 1.06074e-31
6.99955e-03 1.34962e-31
8.78339e-03 1.65268e-31
1.10218e-02 1.97905e-31
1.38307e-02 2.40272e-31
1.73555e-02 2.84198e-31
2.17785e-02 3.45734e-31
2.73287e-02 4.32990e-31
3.42935e-02 5.22691e-31
4.30331e-02 6.48169e-31
5.40001e-02 6.80106e-31
6.77620e-02 3.30752e-31
8.50310e-02 1.73808e-31
1.06701e-01 1.14980e-31
1.33894e-01 8.45771e-32
1.68017e-01 6.98315e-32
2.10835e-01 4.28413e-32
2.64567e-01 3.87931e-32
3.31991e-01 3.40714e-32
4.16599e-01 3.08589e-32
5.22769e-01 2.65153e-32
6.55996e-01 2.22398e-32
8.23176e-01 1.82166e-32
1.03296e+00 1.74818e-32
1.29621e+00 1.32883e-32
1.62655e+00 9.34943e-33
2.04108e+00 6.83070e-33
2.56124e+00 4.47264e-33
3.21397e+00 2.73556e-33
4.03305e+00 1.64719e-33
5.06087e+00 1.10486e-33
6.35063e+00 5.25724e-34
7.96908e+00 1.65856e-34
1.00000e+01 4.70034e-35
