1.00000e-02 inf
1.22168e-02 inf
1.49250e-02 inf
1.82335e-02 6.96941e-18
2.22754e-02 2.64740e-25
2.72134e-02 1.43943e-29
3.32460e-02 2.39770e-32
4.06159e-02 3.88917e-34
4.96195e-02 2.55845e-35
6.06190e-02 3.76197e-36
7.40568e-02 9.44448e-37
9.04736e-02 1.22721e-37
1.10530e-01 2.93395e-38
1.35031e-01 1.02528e-38
1.64965e-01 4.58774e-39
2.01534e-01 2.48222e-39
2.46209e-01 1.38307e-39
3.00788e-01 5.79286e-40
3.67466e-01 1.75747e-40
4.48925e-01 6.42424e-41
5.48442e-01 2.86831e-41
6.70019e-01 1.30865e-41
8.18547e-01 6.43891e-42
1.00000e+00 3.28116e-42
