3.00000e-05 inf
3.49408e-05 inf
4.06954e-05 inf
4.73977e-05 inf
5.52039e-05 inf
6.42957e-05 inf
7.48849e-05 5.82983e-12
8.72180e-05 2.29490e-13
1.01582e-04 1.98903e-14
1.18312e-04 2.69196e-15
1.37798e-04 4.82496e-16
1.60492e-04 9.72016e-17
1.86925e-04 2.14564e-17
2.17710e-04 5.04875e-18
2.53566e-04 1.24153e-18
2.95327e-04 3.19001e-19
3.43966e-04 8.39842e-20
4.00615e-04 2.25294e-20
4.66594e-04 6.12793e-21
5.43440e-04 1.70169e-21
6.32942e-04 4.73262e-22
7.37184e-04 1.33437e-22
8.58594e-04 3.76242e-23
1.00000e-03 1.05055e-23
1.21648e-03 2.07334e-24
1.47983e-03 4.01258e-25
1.80019e-03 7.79278e-26
2.18991e-03 1.54489e-26
2.66399e-03 3.18092e-27
3.24070e-03 6.87258e-28
3.94225e-03 1.54500e-28
4.79569e-03 3.66097e-29
5.83388e-03 8.95293e-30
7.09682e-03 2.25292e-30
8.63317e-03 5.86645e-31
1.05021e-02 1.57275e-31
1.27756e-02 4.40197e-32
1.55414e-02 1.32445e-32
1.89058e-02 4.34584e-33
2.29986e-02 1.60635e-33
2.79775e-02 6.84492e-34
3.40341e-02 1.79981e-34
4.14020e-02 1.76368e-35
5.03649e-02 2.14122e-36
6.12680e-02 3.81861e-37
7.45316e-02 9.97619e-38
9.06665e-02 2.69981e-38
1.10294e-01 1.11970e-38
1.34171e-01 5.68768e-39
1.63217e-01 3.17220e-39
1.98551e-01 1.49252e-39
2.41534e-01 9.25893e-40
2.93823e-01 6.12271e-40
3.57430e-01 4.24426e-40
4.34808e-01 3.32242e-40
5.28937e-01 2.52621e-40
6.43444e-01 2.00469e-40
7.82739e-01 1.61371e-40
9.52190e-01 1.32658e-40
1.15832e+00 1.09421e-40
1.40908e+00 9.19511e-41
1.71413e+00 7.76168e-41
2.08521e+00 6.75451e-41
2.53662e+00 6.15431e-41
3.08576e+00 5.94774e-41
3.75377e+00 6.09073e-41
4.56641e+00 6.53670e-41
5.55496e+00 7.26272e-41
6.75752e+00 8.28393e-41
8.22041e+00 9.70696e-41
1.00000e+01 1.15294e-40
