1.00000e-03 inf
1.21819e-03 inf
1.48398e-03 1.48417e-34
1.80777e-03 1.89233e-36
2.20220e-03 2.81411e-37
2.68270e-03 9.99770e-38
3.26803e-03 4.66179e-38
3.98107e-03 2.96994e-38
4.84969e-03 2.26336e-38
5.90784e-03 1.85147e-38
7.19686e-03 1.65101e-38
8.76712e-03 1.67312e-38
1.06800e-02 1.87361e-38
1.30103e-02 1.94083e-38
1.58489e-02 2.08573e-38
1.93070e-02 2.30707e-38
2.35195e-02 2.63812e-38
2.86512e-02 3.06461e-38
3.49025e-02 3.46312e-38
4.25179e-02 4.04165e-38
5.17947e-02 4.78379e-38
6.30957e-02 5.64812e-38
7.68625e-02 6.71768e-38
9.36329e-02 8.35956e-38
1.14062e-01 9.84617e-38
1.38950e-01 1.17496e-37
1.69267e-01 1.43558e-37
2.06199e-01 1.71033e-37
2.51189e-01 2.09266e-37
3.05995e-01 2.57137e-37
3.72759e-01 3.05275e-37
4.54091e-01 3.77573e-37
5.53168e-01 4.46892e-37
6.73863e-01 5.42478e-37
8.20891e-01 6.67090e-37
1.00000e+00 8.36695e-37
