1.00000e-04 inf
1.22168e-04 6.08714e-09
1.49250e-04 9.25819e-11
1.82335e-04 5.47506e-12
2.22754e-04 5.44516e-13
2.72134e-04 7.00292e-14
3.32460e-04 1.06519e-14
4.06159e-04 1.85017e-15
4.96195e-04 3.40526e-16
6.06190e-04 6.78805e-17
7.40568e-04 1.39910e-17
9.04736e-04 2.97115e-18
1.10530e-03 6.49835e-19
1.35031e-03 1.44693e-19
1.64965e-03 3.25924e-20
2.01534e-03 7.50395e-21
2.46209e-03 1.73088e-21
3.00788e-03 3.98324e-22
3.67466e-03 8.96466e-23
4.48925e-03 2.01376e-23
5.48442e-03 4.43079e-24
6.70019e-03 9.55759e-25
8.18547e-03 2.04057e-25
1.00000e-02 4.39557e-26
1.22168e-02 9.48438e-27
1.49250e-02 2.23413e-27
1.82335e-02 5.68443e-28
2.22754e-02 1.64032e-28
2.72134e-02 5.45643e-29
3.32460e-02 1.88878e-29
4.06159e-02 2.39824e-30
4.96195e-02 3.63212e-31
6.06190e-02 8.90279e-32
7.40568e-02 2.70016e-32
9.04736e-02 1.18320e-32
1.10530e-01 6.88628e-33
1.35031e-01 3.81964e-33
1.64965e-01 3.32812e-33
2.01534e-01 2.87277e-33
2.46209e-01 2.36865e-33
3.00788e-01 1.59097e-33
3.67466e-01 1.58660e-33
4.48925e-01 1.60149e-33
5.48442e-01 1.58639e-33
6.70019e-01 1.57055e-33
8.18547e-01 1.61389e-33
1.00000e+00 1.59308e-33
