# Energy [keV] Rate [cts/keV/day]
# From https://arxiv.org/pdf/2207.09375
1.04707e-2 2.51997e+5
1.06064e-2 2.47979e+5
1.15008e-2 1.84192e+5
1.25858e-2 9.15389e+4
1.38239e-2 5.34255e+4
1.51560e-2 3.29856e+4
1.66469e-2 2.05301e+4
1.82174e-2 1.45313e+4
1.99728e-2 1.00403e+4
2.18973e-2 6.88171e+3
2.40515e-2 4.49475e+3
2.63206e-2 2.62330e+3
2.89099e-2 1.69968e+3
3.16373e-2 1.06641e+3
3.47497e-2 8.65312e+2
3.80981e-2 5.60649e+2
4.16923e-2 3.69139e+2
4.57938e-2 3.19421e+2
5.01141e-2 2.57112e+2
5.51455e-2 1.77649e+2
6.03480e-2 2.00410e+2
6.60414e-2 1.13266e+2
7.24050e-2 7.82605e+1
7.96743e-2 9.56760e+1
8.71910e-2 5.81297e+1
9.57685e-2 4.49475e+1
