1.00000e-02 inf
1.21819e-02 inf
1.48398e-02 inf
1.80777e-02 inf
2.20220e-02 2.18607e-31
2.68270e-02 1.49135e-33
3.26803e-02 5.23058e-35
3.98107e-02 1.57804e-36
4.84969e-02 9.71089e-38
5.90784e-02 1.32906e-38
7.19686e-02 3.20184e-39
8.76712e-02 7.29672e-40
1.06800e-01 1.61826e-40
1.30103e-01 5.18933e-41
1.58489e-01 2.17355e-41
1.93070e-01 1.10321e-41
2.35195e-01 6.62245e-42
2.86512e-01 3.96152e-42
3.49025e-01 1.88870e-42
4.25179e-01 6.61945e-43
5.17947e-01 3.05510e-43
6.30957e-01 1.77777e-43
7.68625e-01 9.84755e-44
9.36329e-01 5.17142e-44
1.14062e+00 4.20390e-44
1.38950e+00 2.86568e-44
1.69267e+00 1.96058e-44
2.06199e+00 1.51826e-44
2.51189e+00 1.28361e-44
3.05995e+00 1.23332e-44
3.72759e+00 1.18890e-44
4.54091e+00 1.26243e-44
5.53168e+00 1.40692e-44
6.73863e+00 1.58826e-44
8.20891e+00 1.85108e-44
1.00000e+01 2.17788e-44
