1.00000e-05 inf
1.24520e-05 inf
1.55052e-05 inf
1.93070e-05 inf
2.40410e-05 inf
2.99358e-05 inf
3.72759e-05 inf
4.64159e-05 inf
5.77969e-05 inf
7.19686e-05 inf
8.96151e-05 6.34627e-14
1.11588e-04 6.59831e-14
1.38950e-04 1.28975e-12
1.73020e-04 2.79331e-13
2.15443e-04 4.60610e-14
2.68270e-04 3.63238e-15
3.34048e-04 3.65920e-16
4.15956e-04 4.30665e-17
5.17947e-04 5.55432e-18
6.44947e-04 7.64420e-19
8.03086e-04 1.11630e-19
1.00000e-03 1.70507e-20
1.24520e-03 2.72760e-21
1.55052e-03 4.55800e-22
1.93070e-03 8.12778e-23
2.40410e-03 1.55257e-23
2.99358e-03 3.10333e-24
3.72759e-03 6.58373e-25
4.64159e-03 1.45229e-25
5.77969e-03 3.30051e-26
7.19686e-03 7.59040e-27
8.96151e-03 1.77660e-27
1.11588e-02 4.25227e-28
1.38950e-02 1.07881e-28
1.73020e-02 3.06067e-29
2.15443e-02 1.05432e-29
2.68270e-02 4.10453e-30
3.34048e-02 1.97215e-30
4.15956e-02 4.45095e-31
5.17947e-02 5.44293e-32
6.44947e-02 1.25295e-32
8.03086e-02 4.19624e-33
1.00000e-01 1.94870e-33
1.24520e-01 1.21907e-33
1.55052e-01 8.09312e-34
1.93070e-01 5.85985e-34
2.40410e-01 4.86149e-34
2.99358e-01 3.90025e-34
3.72759e-01 3.05440e-34
4.64159e-01 2.59787e-34
5.77969e-01 2.17973e-34
7.19686e-01 1.72230e-34
8.96151e-01 1.33499e-34
1.11588e+00 1.35111e-34
1.38950e+00 1.01186e-34
1.73020e+00 6.97153e-35
2.15443e+00 4.81782e-35
2.68270e+00 3.02713e-35
3.34048e+00 2.02473e-35
4.15956e+00 1.15900e-35
5.17947e+00 7.60347e-36
6.44947e+00 4.25436e-36
8.03086e+00 1.83541e-36
1.00000e+01 1.08173e-36
