1.00000e-02 8.41444e-29
1.22168e-02 4.63983e-30
1.49250e-02 2.83656e-31
1.82335e-02 3.00277e-32
2.22754e-02 2.68527e-33
2.72134e-02 3.19562e-34
3.32460e-02 4.34720e-35
4.06159e-02 1.42341e-36
4.96195e-02 1.00306e-37
6.06190e-02 1.58428e-38
7.40568e-02 3.68752e-39
9.04736e-02 1.18079e-39
1.10530e-01 2.97659e-40
1.35031e-01 1.03305e-40
1.64965e-01 3.78984e-41
2.01534e-01 1.88698e-41
2.46209e-01 1.05121e-41
3.00788e-01 6.63843e-42
3.67466e-01 4.15190e-42
4.48925e-01 2.62140e-42
5.48442e-01 1.67594e-42
6.70019e-01 9.57028e-43
8.18547e-01 6.29479e-43
1.00000e+00 4.00903e-43
