1.00000e-06 inf
1.25485e-06 inf
1.57465e-06 inf
1.97594e-06 inf
2.47951e-06 inf
3.11141e-06 inf
3.90435e-06 inf
4.89938e-06 inf
6.14798e-06 inf
7.71479e-06 inf
9.68089e-06 inf
1.21481e-05 inf
1.52440e-05 inf
1.91289e-05 inf
2.40039e-05 8.22076e-24
3.01213e-05 5.46489e-28
3.77976e-05 6.25290e-29
4.74304e-05 1.90406e-30
5.95179e-05 5.07447e-31
7.46860e-05 2.70414e-31
9.37197e-05 2.00167e-31
1.17604e-04 1.84770e-31
1.47575e-04 1.86693e-31
1.85185e-04 2.00839e-31
2.32379e-04 2.54212e-31
2.91601e-04 3.17886e-31
3.65915e-04 4.05033e-31
4.59168e-04 5.43413e-31
5.76187e-04 7.10466e-31
7.23028e-04 9.23640e-31
9.07291e-04 1.20584e-30
1.13851e-03 1.55952e-30
1.42866e-03 2.06915e-30
1.79276e-03 2.59379e-30
2.24964e-03 3.19402e-30
2.82296e-03 4.14275e-30
3.54239e-03 5.12133e-30
4.44516e-03 6.24628e-30
5.57800e-03 7.91866e-30
6.99955e-03 9.32921e-30
8.78339e-03 1.18371e-29
1.10218e-02 1.44639e-29
1.38307e-02 1.70895e-29
1.73555e-02 2.04875e-29
2.17785e-02 2.46814e-29
2.73287e-02 2.97066e-29
3.42935e-02 2.36728e-29
4.30331e-02 2.00034e-29
5.40001e-02 1.66397e-29
6.77620e-02 1.06730e-29
8.50310e-02 6.60906e-30
1.06701e-01 4.58134e-30
1.33894e-01 3.09843e-30
1.68017e-01 2.34199e-30
2.10835e-01 2.25199e-30
2.64567e-01 1.90491e-30
3.31991e-01 1.71941e-30
4.16599e-01 1.48119e-30
5.22769e-01 1.33782e-30
6.55996e-01 1.15381e-30
8.23176e-01 9.67795e-31
1.03296e+00 7.12980e-31
1.29621e+00 5.46566e-31
1.62655e+00 4.15204e-31
2.04108e+00 2.66423e-31
2.56124e+00 1.82468e-31
3.21397e+00 1.13675e-31
4.03305e+00 6.77178e-32
5.06087e+00 4.61035e-32
6.35063e+00 1.74843e-32
7.96908e+00 5.02598e-33
1.00000e+01 2.06749e-33
