1.00000e-05 inf
1.24520e-05 inf
1.55052e-05 inf
1.93070e-05 inf
2.40410e-05 inf
2.99358e-05 inf
3.72759e-05 inf
4.64159e-05 inf
5.77969e-05 inf
7.19686e-05 inf
8.96151e-05 inf
1.11588e-04 inf
1.38950e-04 2.26803e-07
1.73020e-04 5.49781e-07
2.15443e-04 2.50176e-07
2.68270e-04 5.56920e-09
3.34048e-04 2.27353e-10
4.15956e-04 1.24780e-11
5.17947e-04 8.06685e-13
6.44947e-04 5.66074e-14
8.03086e-04 4.17001e-15
1.00000e-03 3.17405e-16
1.24520e-03 2.53359e-17
1.55052e-03 2.10539e-18
1.93070e-03 1.87312e-19
2.40410e-03 1.80849e-20
2.99358e-03 1.88007e-21
3.72759e-03 2.11822e-22
4.64159e-03 2.54561e-23
5.77969e-03 3.11893e-24
7.19686e-03 3.92989e-25
8.96151e-03 4.99089e-26
1.11588e-02 6.44984e-27
1.38950e-02 8.98844e-28
1.73020e-02 1.43773e-28
2.15443e-02 3.31381e-29
2.68270e-02 7.97947e-30
3.34048e-02 2.64411e-30
4.15956e-02 3.54212e-31
5.17947e-02 3.93589e-32
6.44947e-02 8.35517e-33
8.03086e-02 2.99475e-33
1.00000e-01 1.43365e-33
1.24520e-01 8.60283e-34
1.55052e-01 5.51551e-34
1.93070e-01 3.49033e-34
2.40410e-01 2.36739e-34
2.99358e-01 1.79380e-34
3.72759e-01 1.46698e-34
4.64159e-01 1.28837e-34
5.77969e-01 9.41777e-35
7.19686e-01 7.82871e-35
8.96151e-01 5.88714e-35
1.11588e+00 6.19456e-35
1.38950e+00 4.56813e-35
1.73020e+00 3.25513e-35
2.15443e+00 1.92163e-35
2.68270e+00 1.41700e-35
3.34048e+00 8.82020e-36
4.15956e+00 4.68700e-36
5.17947e+00 3.71679e-36
6.44947e+00 1.78919e-36
8.03086e+00 1.01386e-36
1.00000e+01 5.62783e-37
