1.00000e-02 2.02483e-30
1.26896e-02 9.19443e-32
1.61026e-02 4.93633e-33
2.04336e-02 4.05764e-34
2.59294e-02 4.03499e-35
3.29034e-02 5.49920e-36
4.17532e-02 1.07581e-37
5.29832e-02 5.91218e-39
6.72336e-02 7.74100e-40
8.53168e-02 1.93948e-40
1.08264e-01 4.90597e-41
1.37382e-01 1.07763e-41
1.74333e-01 3.70785e-42
2.21222e-01 1.90699e-42
2.80722e-01 1.02167e-42
3.56225e-01 7.21828e-43
4.52035e-01 3.80033e-43
5.73615e-01 2.05815e-43
7.27895e-01 1.45677e-43
9.23671e-01 7.30951e-44
1.17210e+00 7.07511e-44
1.48735e+00 5.26812e-44
1.88739e+00 4.14495e-44
2.39503e+00 3.54280e-44
3.03920e+00 3.31217e-44
3.85662e+00 3.37789e-44
4.89390e+00 3.66885e-44
6.21017e+00 4.34367e-44
7.88046e+00 5.08638e-44
1.00000e+01 6.27152e-44
