7.27764e-2 1.97905e-30
7.36348e-2 1.61170e-30
7.45034e-2 1.30471e-30
7.53822e-2 1.03976e-30
7.60729e-2 8.44336e-31
7.67699e-2 6.84705e-31
7.74733e-2 5.60603e-31
7.81831e-2 4.60253e-31
7.89509e-2 3.75352e-31
7.97782e-2 3.04700e-31
8.06141e-2 2.48238e-31
8.15119e-2 2.01298e-31
8.24197e-2 1.63582e-31
8.33375e-2 1.33714e-31
8.43206e-2 1.08286e-31
8.53152e-2 8.79735e-32
8.63215e-2 7.15477e-32
8.73967e-2 5.78859e-32
8.85429e-2 4.68327e-32
8.97041e-2 3.81087e-32
9.08805e-2 3.12786e-32
9.21324e-2 2.54476e-32
9.34624e-2 2.09523e-32
9.48116e-2 1.72662e-32
9.61803e-2 1.44032e-32
9.75687e-2 1.20990e-32
9.89772e-2 1.02346e-32
1.00406e-1 8.73327e-33
1.01855e-1 7.49777e-33
1.03326e-1 6.49341e-33
1.04817e-1 5.64323e-33
1.06331e-1 4.90436e-33
1.07865e-1 4.08047e-33
1.09423e-1 3.38612e-33
1.11002e-1 2.82959e-33
1.12605e-1 2.37692e-33
1.14230e-1 1.98107e-33
1.15879e-1 1.65403e-33
1.17552e-1 1.38700e-33
1.19249e-1 1.16918e-33
1.20970e-1 9.95936e-34
1.22717e-1 8.53551e-34
1.24488e-1 7.36000e-34
1.26285e-1 6.40193e-34
1.28108e-1 5.57830e-34
1.29958e-1 4.89037e-34
1.31834e-1 4.30226e-34
1.33737e-1 3.78817e-34
1.35667e-1 3.34133e-34
1.37626e-1 2.94720e-34
1.39613e-1 2.61319e-34
1.41628e-1 2.32108e-34
1.43672e-1 2.04908e-34
1.45746e-1 1.72278e-34
1.47850e-1 1.44339e-34
1.49985e-1 1.22097e-34
1.52150e-1 1.03824e-34
1.54346e-1 8.87481e-35
1.56574e-1 7.64590e-35
1.58835e-1 6.62170e-35
1.61128e-1 5.76476e-35
1.63454e-1 5.04944e-35
1.65813e-1 4.44995e-35
1.68207e-1 3.92847e-35
1.70635e-1 3.48325e-35
1.73098e-1 3.09658e-35
1.75597e-1 2.76244e-35
1.78132e-1 2.47297e-35
1.80703e-1 2.21962e-35
1.83312e-1 1.99919e-35
1.85958e-1 1.80536e-35
1.88643e-1 1.63745e-35
1.91366e-1 1.48645e-35
1.94128e-1 1.35291e-35
1.96931e-1 1.23566e-35
1.99774e-1 1.12956e-35
2.02657e-1 1.03889e-35
2.05583e-1 9.55499e-36
2.08551e-1 8.80334e-36
2.11561e-1 8.13205e-36
2.14615e-1 7.53819e-36
2.17713e-1 6.99989e-36
2.20856e-1 6.51705e-36
2.24045e-1 6.07809e-36
2.27279e-1 5.66377e-36
2.30560e-1 5.30536e-36
2.33888e-1 4.98265e-36
2.37264e-1 4.67956e-36
2.40689e-1 4.41026e-36
2.44164e-1 4.16734e-36
2.47689e-1 3.93095e-36
2.51264e-1 3.72091e-36
2.54891e-1 3.52516e-36
2.58571e-1 3.33681e-36
2.62304e-1 3.16955e-36
2.66090e-1 3.02646e-36
2.69931e-1 2.88480e-36
2.73828e-1 2.75456e-36
2.77781e-1 2.64169e-36
2.81791e-1 2.53345e-36
2.85859e-1 2.43600e-36
2.89985e-1 2.34231e-36
2.94172e-1 2.25811e-36
2.98418e-1 2.17884e-36
3.02726e-1 2.10235e-36
3.07096e-1 2.03386e-36
3.11529e-1 1.96759e-36
3.16026e-1 1.90183e-36
3.20589e-1 1.84148e-36
3.25216e-1 1.78927e-36
3.29911e-1 1.73399e-36
3.34674e-1 1.68924e-36
3.39505e-1 1.63848e-36
3.44406e-1 1.59480e-36
3.49378e-1 1.54824e-36
3.54421e-1 1.50696e-36
3.59538e-1 1.46423e-36
3.64728e-1 1.42396e-36
3.69993e-1 1.38721e-36
3.75334e-1 1.34670e-36
3.80752e-1 1.31423e-36
3.86249e-1 1.27697e-36
3.91825e-1 1.24292e-36
3.97481e-1 1.20979e-36
4.03219e-1 1.17754e-36
4.09040e-1 1.15115e-36
4.14944e-1 1.12536e-36
4.20934e-1 1.10110e-36
4.27011e-1 1.07737e-36
4.33175e-1 1.05691e-36
4.39428e-1 1.03864e-36
4.45772e-1 1.01980e-36
4.52207e-1 1.00131e-36
4.58735e-1 9.83144e-37
4.65357e-1 9.68684e-37
4.72075e-1 9.56935e-37
4.78889e-1 9.42860e-37
4.85803e-1 9.20930e-37
4.92816e-1 9.27374e-37
4.97979e-1 9.07384e-37
