1.06390e-2 8.01233e-27
1.14740e-2 7.39192e-27
1.23745e-2 6.77917e-27
1.33457e-2 6.23835e-27
1.43932e-2 5.70668e-27
1.55228e-2 5.32771e-27
1.67411e-2 4.96968e-27
1.80550e-2 4.62785e-27
1.94721e-2 4.29494e-27
2.10004e-2 3.98597e-27
2.26486e-2 3.67110e-27
2.44262e-2 3.37823e-27
2.63432e-2 3.10345e-27
2.84108e-2 2.83415e-27
3.06406e-2 2.61469e-27
3.30454e-2 2.43485e-27
3.56390e-2 2.25395e-27
3.84361e-2 2.08826e-27
4.14528e-2 1.93147e-27
4.47062e-2 1.77588e-27
4.82150e-2 1.63143e-27
5.19991e-2 1.49366e-27
5.60803e-2 1.36289e-27
6.04817e-2 1.24251e-27
6.52287e-2 1.14436e-27
7.03481e-2 1.05844e-27
7.58694e-2 9.77311e-28
8.18240e-2 8.94778e-28
8.82460e-2 8.18520e-28
9.51720e-2 7.46224e-28
1.02642e-1 6.82048e-28
1.10697e-1 6.22334e-28
1.19385e-1 5.66886e-28
1.28755e-1 5.17254e-28
1.38861e-1 4.71168e-28
1.49759e-1 4.29552e-28
1.61513e-1 3.91612e-28
1.74189e-1 3.55814e-28
1.87861e-1 3.21919e-28
2.02605e-1 2.90513e-28
2.18506e-1 2.62171e-28
2.35656e-1 2.36594e-28
2.54151e-1 2.12068e-28
2.74098e-1 1.90893e-28
2.95611e-1 1.71686e-28
3.18812e-1 1.53888e-28
3.43834e-1 1.37585e-28
3.70820e-1 1.22697e-28
3.99924e-1 1.09512e-28
4.31312e-1 9.73306e-29
4.65163e-1 8.62842e-29
5.01671e-1 7.63618e-29
5.41045e-1 6.78102e-29
5.83509e-1 6.22947e-29
6.29306e-1 5.75199e-29
6.78697e-1 5.27518e-29
7.31964e-1 4.84611e-29
7.89412e-1 4.43310e-29
8.51370e-1 4.04155e-29
9.18189e-1 3.68458e-29
9.90253e-1 3.33359e-29
1.06797e+0 3.01604e-29
1.15179e+0 2.86636e-29
1.24219e+0 2.96027e-29
1.33969e+0 3.07546e-29
1.44483e+0 3.20600e-29
1.55823e+0 3.33925e-29
1.68053e+0 3.48099e-29
1.81242e+0 3.62566e-29
1.95467e+0 3.80530e-29
2.10808e+0 4.04155e-29
2.27353e+0 4.29246e-29
2.45197e+0 4.53581e-29
2.64442e+0 4.78889e-29
2.85196e+0 5.10350e-29
3.07580e+0 5.43416e-29
3.31720e+0 5.81084e-29
3.57755e+0 6.30390e-29
3.85834e+0 6.90291e-29
4.16116e+0 7.61031e-29
4.48775e+0 8.57006e-29
4.83997e+0 9.56931e-29
5.21983e+0 1.03637e-28
5.62951e+0 1.11670e-28
6.07134e+0 1.21557e-28
6.54785e+0 1.34698e-28
7.06176e+0 1.50276e-28
7.61601e+0 1.71104e-28
8.21375e+0 1.97817e-28
8.85840e+0 2.34795e-28
9.45573e+0 2.79869e-28
