1.08925e+0 8.60352e-37
1.30124e+0 7.40205e-37
1.53336e+0 6.05695e-37
1.85700e+0 4.71390e-37
2.21840e+0 3.31862e-37
2.65013e+0 2.58277e-37
3.29850e+0 1.91178e-37
4.33639e+0 1.15795e-37
5.77938e+0 7.01366e-38
7.80862e+0 4.24813e-38
9.45676e+0 2.99072e-38
1.26036e+1 1.72288e-38
1.70290e+1 9.55879e-39
2.23872e+1 6.01156e-39
2.98368e+1 3.46311e-39
4.20017e+1 1.82743e-39
5.91265e+1 1.03962e-39
7.98868e+1 5.91440e-40
9.54340e+1 3.16030e-40
1.15577e+2 1.70997e-40
1.43854e+2 1.02282e-40
1.81514e+2 5.67475e-41
2.31396e+2 3.10922e-41
2.66224e+2 1.19931e-41
2.92976e+2 5.94413e-42
3.40548e+2 2.53466e-42
3.95845e+2 2.41071e-42
4.53869e+2 5.94413e-42
5.64911e+2 3.60033e-42
7.22622e+2 1.78442e-42
9.76346e+2 8.00024e-43
