9.01247e+0 1.00287e-46
9.45551e+0 7.48956e-47
9.89392e+0 5.56139e-47
1.04358e+1 3.94478e-47
1.09780e+1 2.79809e-47
1.17034e+1 2.04235e-47
1.29168e+1 1.26996e-47
1.42179e+1 9.11176e-48
1.59025e+1 6.13857e-48
1.70440e+1 5.35060e-48
1.79774e+1 4.58438e-48
1.89620e+1 3.95043e-48
2.10960e+1 3.34618e-48
2.32211e+1 2.96717e-48
2.85887e+1 2.40082e-48
3.19760e+1 2.30653e-48
3.55745e+1 2.12889e-48
3.95779e+1 2.12889e-48
4.31027e+1 2.25431e-48
4.63197e+1 2.21593e-48
5.22239e+1 2.31977e-48
6.41245e+1 2.51332e-48
7.58524e+1 2.83436e-48
9.09292e+1 3.21475e-48
1.10465e+2 3.60469e-48
1.29283e+2 3.90546e-48
1.48904e+2 4.55821e-48
1.79934e+2 5.56935e-48
2.15699e+2 6.61280e-48
2.55829e+2 7.71805e-48
3.30449e+2 9.87203e-48
4.31410e+2 1.26271e-47
5.06246e+2 1.44867e-47
6.53906e+2 1.89589e-47
8.90895e+2 2.59743e-47
1.60160e+3 4.68385e-47
2.13601e+3 6.23596e-47
3.37873e+3 9.74570e-47
4.50611e+3 1.29011e-46
5.82044e+3 1.65963e-46
7.84576e+3 2.22228e-46
9.86758e+3 2.82626e-46
