0.03046786362357773 7.191671555451048e-35
0.03171880155347983 4.965950398549058e-35
0.03284416234998293 3.50769230072341e-35
0.034009407382132074 2.4669767848362523e-35
0.035500721829255455 1.6406346547460345e-35
0.03735802807070281 1.1289962704898328e-35
0.039101989504832034 8.041896895658185e-36
0.04114827930009518 5.8057656881838696e-36
0.043418213689220365 4.169648461107307e-36
0.04593691872373909 3.031034557765353e-36
0.04873243998973668 2.173573779812745e-36
0.051698829341059 1.6377263308120494e-36
0.054846641599581684 1.3019131399644346e-36
0.058186116264027275 1.0349579121510591e-36
0.06172889847515597 8.21611681571784e-37
0.06548746894138366 6.5493893450973745e-37
0.06947475352775612 5.1850291280849595e-37
0.07370495628867157 4.133190324233748e-37
0.07819266651105944 3.2856861930195866e-37
0.08295445210210259 2.7032475721392347e-37
0.08800692581903777 2.2860241206801388e-37
0.0933672779946769 1.9438504298963604e-37
0.09905396154373175 1.643833519184876e-37
0.10508817919404868 1.4446484168651984e-37
0.11149025996721794 1.2801093642919435e-37
0.11833461144042193 1.1087360644201753e-37
0.12548623626853103 9.51332178680769e-38
0.1331307081095543 8.369202823468076e-38
0.14131685149354176 7.35925550000771e-38
0.14995927157886801 6.327317115820246e-38
0.15823340304327851 5.617716454558697e-38
0.16775083932236245 4.783725747282442e-38
0.17796999069510733 4.2060025183452134e-38
0.18881157802593843 3.6912809393406215e-38
0.2003138543602168 3.2529318074529335e-38
0.21251794736472532 2.918305336276872e-38
0.22546602413869238 2.6361511714275995e-38
0.2392028924038319 2.3780070141325523e-38
0.2537765991792203 2.142195924171817e-38
0.26923844101589817 1.9350793163190773e-38
0.2856420975628438 1.7431904110173703e-38
0.30304528671379644 1.5724891156841467e-38
0.32150892090100675 1.420454183747766e-38
0.34109707905352293 1.277840137141634e-38
0.36187923885950524 1.1558803209635886e-38
0.38392683351226803 1.0384017287011604e-38
0.4073183361008539 9.380046356013848e-39
0.43213432056377 8.426699697821595e-39
0.45846259281913176 7.591080110198147e-39
0.48639455554179883 6.819556113359127e-39
0.516027867951406 6.109632882750614e-39
0.5474663540216236 5.4660973284979885e-39
0.5808197338009266 4.8769250466932125e-39
0.6162051068425201 4.3512576673418354e-39
0.6537462685951796 3.8822502101891434e-39
0.6935751116386365 3.473327761212634e-39
0.735829604031342 3.094694091127443e-39
0.7806586680566034 2.7611274036754407e-39
0.8282185288375994 2.4601319680873434e-39
0.8786748114836388 2.1829313370349215e-39
0.9322049645754766 1.9369648799425254e-39
0.9889899202548561 1.6813387367801217e-39
1.049250428491854 1.5404987346870297e-39
1.113171257900723 1.3625441118607432e-39
1.1810170523311003 1.3183425630938925e-39
1.2529653335550393 1.1665850855374414e-39
1.3292978120185077 1.0351376160186674e-39
1.4102910176061147 9.421495958885748e-40
1.496217886220077 8.551614535445576e-40
1.5873785590182006 7.735430017168197e-40
1.684094088982938 7.00676526579306e-40
1.7867022862532862 6.346739532380386e-40
1.9032252696235432 5.748887134628656e-40
1.978882921521811 5.411606835820129e-40