2.99537e-2 5.43169e-30
3.01501e-2 3.43037e-30
3.03347e-2 2.09387e-30
3.06136e-2 1.18634e-30
3.08816e-2 6.57986e-31
3.13108e-2 3.59678e-31
3.18846e-2 2.06732e-31
3.23982e-2 1.37734e-31
3.29680e-2 7.80578e-32
3.38414e-2 4.61015e-32
3.49321e-2 2.97344e-32
3.57207e-2 2.08690e-32
3.70204e-2 1.45982e-32
3.84846e-2 9.76635e-33
3.95904e-2 5.42711e-33
4.10846e-2 3.46198e-33
4.29148e-2 2.35432e-33
4.50224e-2 1.59850e-33
4.72334e-2 1.09317e-33
4.95530e-2 7.58436e-34
5.19866e-2 5.65504e-34
5.45396e-2 4.27768e-34
5.72181e-2 3.20679e-34
6.00280e-2 2.50566e-34
6.29760e-2 2.01505e-34
6.60687e-2 1.62051e-34
6.93134e-2 1.32929e-34
7.27173e-2 1.07481e-34
7.62885e-2 8.88029e-35
8.00350e-2 7.48388e-35
8.39655e-2 6.31842e-35
8.80890e-2 5.41187e-35
9.24151e-2 4.68574e-35
9.69536e-2 4.06436e-35
1.01715e-1 3.58298e-35
1.06710e-1 3.17572e-35
1.12154e-1 2.92544e-35
1.17449e-1 2.54016e-35
1.23440e-1 2.36043e-35
1.29268e-1 2.05017e-35
1.35935e-1 1.98781e-35
1.42228e-1 1.76594e-35
1.49090e-1 1.63744e-35
1.56436e-1 1.45559e-35
1.63986e-1 1.32257e-35
1.72352e-1 1.21204e-35
1.80816e-1 1.08863e-35
1.89696e-1 1.00999e-35
1.99012e-1 9.00905e-36
2.08785e-1 8.49843e-36
2.19038e-1 7.90208e-36
2.29795e-1 7.42473e-36
2.41081e-1 6.95865e-36
2.52920e-1 6.18996e-36
2.65341e-1 5.44701e-36
2.78372e-1 4.79323e-36
2.92043e-1 4.24841e-36
3.06385e-1 3.86863e-36
3.21431e-1 3.52280e-36
3.37217e-1 3.21945e-36
3.53777e-1 2.92638e-36
3.71151e-1 2.64089e-36
3.89378e-1 2.40567e-36
4.08501e-1 2.15851e-36
4.28562e-1 1.97881e-36
4.49609e-1 1.78920e-36
4.71689e-1 1.61020e-36
4.94854e-1 1.48174e-36
5.19156e-1 1.33310e-36
5.44652e-1 1.21852e-36
5.71399e-1 1.12064e-36
5.99461e-1 1.01496e-36
6.24802e-1 9.65270e-37
6.68469e-1 8.07462e-37
7.01297e-1 7.31318e-37
7.35738e-1 6.65942e-37
7.71870e-1 6.03143e-37
8.09776e-1 5.45284e-37
8.49544e-1 4.84176e-37
8.91265e-1 4.33805e-37
9.35035e-1 3.89375e-37
9.80954e-1 3.43753e-37
1.07497e+0 2.76994e-37
1.14760e+0 2.34829e-37
1.25212e+0 1.92906e-37
1.40236e+0 1.47560e-37
1.47123e+0 1.28870e-37
1.54348e+0 1.16005e-37
1.61928e+0 1.00985e-37
1.69881e+0 9.06255e-38
1.78223e+0 7.97626e-38
1.86976e+0 7.11478e-38
1.96158e+0 6.36160e-38
2.05791e+0 5.57290e-38
2.15898e+0 4.97607e-38
2.26501e+0 4.37566e-38
2.37624e+0 3.90635e-38
2.49294e+0 3.40545e-38
2.61536e+0 3.02400e-38
2.74380e+0 2.64909e-38
2.87855e+0 2.30718e-38
3.01992e+0 2.02369e-38
3.16823e+0 1.75217e-38
3.32382e+0 1.52255e-38
3.48705e+0 1.31827e-38
3.65830e+0 1.14139e-38
3.83796e+0 9.91812e-39
4.02644e+0 8.60286e-39
4.22418e+0 7.57030e-39
4.43162e+0 6.79495e-39
4.64926e+0 6.05524e-39
4.87759e+0 5.44487e-39
5.11712e+0 4.94030e-39
5.36842e+0 4.53119e-39
5.63207e+0 4.17095e-39
5.90866e+0 3.83244e-39
6.19883e+0 3.55967e-39
6.50325e+0 3.30630e-39
6.82263e+0 3.05003e-39
7.15769e+0 2.87509e-39
7.50920e+0 2.71996e-39
7.87797e+0 2.57660e-39
8.26486e+0 2.47057e-39
8.67075e+0 2.45196e-39
9.09657e+0 2.39522e-39
9.54330e+0 2.32300e-39
9.92507e+0 2.25818e-39
