3.00083e+0 8.54386e-42
3.13405e+0 4.87014e-42
3.27061e+0 2.75755e-42
3.46045e+0 1.23535e-42
3.63364e+0 6.15965e-43
3.82015e+0 2.72278e-43
3.99667e+0 1.28685e-43
4.23647e+0 7.43410e-44
4.48626e+0 4.23756e-44
4.76603e+0 2.28957e-44
5.00583e+0 1.32268e-44
5.27893e+0 8.56165e-45
5.57535e+0 5.11432e-45
5.96503e+0 2.65454e-45
6.33805e+0 1.66174e-45
6.69775e+0 1.09013e-45
6.98085e+0 7.69770e-46
7.33722e+0 5.69621e-46
7.64363e+0 4.35855e-46
7.97669e+0 3.37995e-46
8.41632e+0 2.69217e-46
8.78934e+0 2.26227e-46
9.24230e+0 1.83846e-46
9.72190e+0 1.61897e-46
1.01049e+1 1.42568e-46
1.04946e+1 1.36044e-46
1.09742e+1 1.23052e-46
1.14005e+1 1.12048e-46
1.20133e+1 9.73589e-47
