5.04347e-3 7.97118e-35
5.55158e-3 4.42268e-35
6.11089e-3 2.19339e-35
6.81941e-3 8.93859e-36
7.92968e-3 2.91044e-36
9.47709e-3 1.38394e-36
1.11722e-2 7.15851e-37
1.39131e-2 2.68180e-37
1.73265e-2 1.09290e-37
2.15772e-2 5.12442e-38
2.81919e-2 2.54142e-38
3.14606e-2 1.71600e-38
3.49881e-2 9.52095e-39
4.06845e-2 3.77268e-39
4.63452e-2 1.76895e-39
5.55793e-2 8.06490e-40
7.11392e-2 3.67690e-40
9.65196e-2 1.98364e-40
1.26542e-1 1.39694e-40
1.73463e-1 1.19722e-40
2.37782e-1 1.16410e-40
3.35013e-1 1.28419e-40
5.12481e-1 1.54105e-40
7.02506e-1 1.90190e-40
9.89768e-1 2.48270e-40
