# Energy [keV]     dRdE GaAs [1/keV/day]
5.0000e-05 0.0000e+00
1.5000e-04 0.0000e+00
2.5000e-04 0.0000e+00
3.5000e-04 0.0000e+00
4.5000e-04 0.0000e+00
5.5000e-04 0.0000e+00
6.5000e-04 0.0000e+00
7.5000e-04 0.0000e+00
8.5000e-04 0.0000e+00
9.5000e-04 0.0000e+00
1.0500e-03 0.0000e+00
1.1500e-03 0.0000e+00
1.2500e-03 0.0000e+00
1.3500e-03 0.0000e+00
1.4500e-03 0.0000e+00
1.5500e-03 0.0000e+00
1.6500e-03 0.0000e+00
1.7500e-03 0.0000e+00
1.8500e-03 0.0000e+00
1.9500e-03 0.0000e+00
2.0500e-03 0.0000e+00
2.1500e-03 0.0000e+00
2.2500e-03 0.0000e+00
2.3500e-03 0.0000e+00
2.4500e-03 0.0000e+00
2.5500e-03 0.0000e+00
2.6500e-03 0.0000e+00
2.7500e-03 0.0000e+00
2.8500e-03 0.0000e+00
2.9500e-03 0.0000e+00
3.0500e-03 1.1580e+00
3.1500e-03 5.2109e-01
3.2500e-03 7.5268e-01
3.3500e-03 4.6319e-01
3.4500e-03 2.8949e-01
3.5500e-03 1.1580e-01
3.6500e-03 1.1580e-01
3.7500e-03 2.3159e-01
3.8500e-03 4.0529e-01
3.9500e-03 1.1580e-01
4.0500e-03 1.1580e-01
4.1500e-03 5.7899e-02
4.2500e-03 1.1580e-01
4.3500e-03 0.0000e+00
4.4500e-03 5.7899e-02
4.5500e-03 5.7899e-02
4.6500e-03 1.1580e-01
4.7500e-03 0.0000e+00
4.8500e-03 5.7899e-02
4.9500e-03 5.7899e-02
5.0500e-03 1.1580e-01
5.1500e-03 5.7899e-02
5.2500e-03 5.7899e-02
5.3500e-03 0.0000e+00
5.4500e-03 1.1580e-01
5.5500e-03 5.7899e-02
5.6500e-03 1.1580e-01
5.7500e-03 1.1580e-01
5.8500e-03 0.0000e+00
5.9500e-03 0.0000e+00
6.0500e-03 2.3159e-01
6.1500e-03 0.0000e+00
6.2500e-03 0.0000e+00
6.3500e-03 5.7899e-02
6.4500e-03 5.7899e-02
6.5500e-03 0.0000e+00
6.6500e-03 1.7370e-01
6.7500e-03 0.0000e+00
6.8500e-03 1.1580e-01
6.9500e-03 1.7370e-01
7.0500e-03 0.0000e+00
7.1500e-03 0.0000e+00
7.2500e-03 0.0000e+00
7.3500e-03 5.7899e-02
7.4500e-03 5.7899e-02
7.5500e-03 0.0000e+00
7.6500e-03 0.0000e+00
7.7500e-03 0.0000e+00
7.8500e-03 0.0000e+00
7.9500e-03 0.0000e+00
8.0500e-03 0.0000e+00
8.1500e-03 5.7899e-02
8.2500e-03 0.0000e+00
8.3500e-03 0.0000e+00
8.4500e-03 0.0000e+00
8.5500e-03 0.0000e+00
8.6500e-03 0.0000e+00
8.7500e-03 0.0000e+00
8.8500e-03 0.0000e+00
8.9500e-03 0.0000e+00
9.0500e-03 0.0000e+00
9.1500e-03 5.7899e-02
9.2500e-03 0.0000e+00
9.3500e-03 0.0000e+00
9.4500e-03 0.0000e+00
9.5500e-03 5.7899e-02
9.6500e-03 5.7899e-02
9.7500e-03 0.0000e+00
9.8500e-03 0.0000e+00
9.9500e-03 5.7899e-02
1.0050e-02 5.7899e-02
1.0150e-02 5.7899e-02
1.0250e-02 0.0000e+00
1.0350e-02 0.0000e+00
1.0450e-02 0.0000e+00
1.0550e-02 0.0000e+00
1.0650e-02 0.0000e+00
1.0750e-02 5.7899e-02
1.0850e-02 0.0000e+00
1.0950e-02 5.7899e-02
1.1050e-02 0.0000e+00
1.1150e-02 0.0000e+00
1.1250e-02 5.7899e-02
1.1350e-02 5.7899e-02
1.1450e-02 0.0000e+00
1.1550e-02 0.0000e+00
1.1650e-02 0.0000e+00
1.1750e-02 0.0000e+00
1.1850e-02 0.0000e+00
1.1950e-02 5.7899e-02
1.2050e-02 0.0000e+00
1.2150e-02 0.0000e+00
1.2250e-02 0.0000e+00
1.2350e-02 5.7899e-02
1.2450e-02 0.0000e+00
1.2550e-02 0.0000e+00
1.2650e-02 0.0000e+00
1.2750e-02 0.0000e+00
1.2850e-02 0.0000e+00
1.2950e-02 0.0000e+00
1.3050e-02 0.0000e+00
1.3150e-02 5.7899e-02
1.3250e-02 0.0000e+00
1.3350e-02 0.0000e+00
1.3450e-02 0.0000e+00
1.3550e-02 0.0000e+00
1.3650e-02 0.0000e+00
1.3750e-02 0.0000e+00
1.3850e-02 0.0000e+00
1.3950e-02 0.0000e+00
1.4050e-02 0.0000e+00
1.4150e-02 0.0000e+00
1.4250e-02 0.0000e+00
1.4350e-02 0.0000e+00
1.4450e-02 5.7899e-02
1.4550e-02 0.0000e+00
1.4650e-02 5.7899e-02
1.4750e-02 0.0000e+00
1.4850e-02 0.0000e+00
1.4950e-02 0.0000e+00
1.5050e-02 0.0000e+00
1.5150e-02 0.0000e+00
1.5250e-02 5.7899e-02
1.5350e-02 0.0000e+00
1.5450e-02 5.7899e-02
1.5550e-02 0.0000e+00
1.5650e-02 0.0000e+00
1.5750e-02 0.0000e+00
1.5850e-02 0.0000e+00
1.5950e-02 5.7899e-02
1.6050e-02 0.0000e+00
1.6150e-02 0.0000e+00
1.6250e-02 0.0000e+00
1.6350e-02 0.0000e+00
1.6450e-02 5.7899e-02
1.6550e-02 0.0000e+00
1.6650e-02 0.0000e+00
1.6750e-02 0.0000e+00
1.6850e-02 0.0000e+00
1.6950e-02 5.7899e-02
1.7050e-02 0.0000e+00
1.7150e-02 0.0000e+00
1.7250e-02 0.0000e+00
1.7350e-02 0.0000e+00
1.7450e-02 5.7899e-02
1.7550e-02 0.0000e+00
1.7650e-02 0.0000e+00
1.7750e-02 0.0000e+00
1.7850e-02 0.0000e+00
1.7950e-02 0.0000e+00
1.8050e-02 5.7899e-02
1.8150e-02 0.0000e+00
1.8250e-02 5.7899e-02
1.8350e-02 0.0000e+00
1.8450e-02 0.0000e+00
1.8550e-02 5.7899e-02
1.8650e-02 5.7899e-02
1.8750e-02 5.7899e-02
1.8850e-02 0.0000e+00
1.8950e-02 0.0000e+00
1.9050e-02 5.7899e-02
1.9150e-02 5.7899e-02
1.9250e-02 5.7899e-02
1.9350e-02 0.0000e+00
1.9450e-02 5.7899e-02
1.9550e-02 0.0000e+00
1.9650e-02 0.0000e+00
1.9750e-02 5.7899e-02
1.9850e-02 0.0000e+00
1.9950e-02 0.0000e+00
2.0050e-02 0.0000e+00
2.0150e-02 0.0000e+00
2.0250e-02 0.0000e+00
2.0350e-02 0.0000e+00
2.0450e-02 0.0000e+00
2.0550e-02 0.0000e+00
2.0650e-02 0.0000e+00
2.0750e-02 0.0000e+00
2.0850e-02 0.0000e+00
2.0950e-02 1.1580e-01
2.1050e-02 0.0000e+00
2.1150e-02 0.0000e+00
2.1250e-02 0.0000e+00
2.1350e-02 0.0000e+00
2.1450e-02 0.0000e+00
2.1550e-02 0.0000e+00
2.1650e-02 0.0000e+00
2.1750e-02 0.0000e+00
2.1850e-02 5.7899e-02
2.1950e-02 0.0000e+00
2.2050e-02 0.0000e+00
2.2150e-02 0.0000e+00
2.2250e-02 0.0000e+00
2.2350e-02 0.0000e+00
2.2450e-02 0.0000e+00
2.2550e-02 0.0000e+00
2.2650e-02 0.0000e+00
2.2750e-02 0.0000e+00
2.2850e-02 0.0000e+00
2.2950e-02 0.0000e+00
2.3050e-02 0.0000e+00
2.3150e-02 0.0000e+00
2.3250e-02 0.0000e+00
2.3350e-02 0.0000e+00
2.3450e-02 0.0000e+00
2.3550e-02 0.0000e+00
2.3650e-02 0.0000e+00
2.3750e-02 0.0000e+00
2.3850e-02 0.0000e+00
2.3950e-02 0.0000e+00
2.4050e-02 0.0000e+00
2.4150e-02 0.0000e+00
2.4250e-02 0.0000e+00
2.4350e-02 0.0000e+00
2.4450e-02 0.0000e+00
2.4550e-02 0.0000e+00
2.4650e-02 0.0000e+00
2.4750e-02 0.0000e+00
2.4850e-02 0.0000e+00
2.4950e-02 0.0000e+00
2.5050e-02 0.0000e+00
2.5150e-02 0.0000e+00
2.5250e-02 5.7899e-02
2.5350e-02 0.0000e+00
2.5450e-02 0.0000e+00
2.5550e-02 0.0000e+00
2.5650e-02 0.0000e+00
2.5750e-02 0.0000e+00
2.5850e-02 0.0000e+00
2.5950e-02 0.0000e+00
2.6050e-02 5.7899e-02
2.6150e-02 0.0000e+00
2.6250e-02 0.0000e+00
2.6350e-02 0.0000e+00
2.6450e-02 0.0000e+00
2.6550e-02 0.0000e+00
2.6650e-02 0.0000e+00
2.6750e-02 0.0000e+00
2.6850e-02 0.0000e+00
2.6950e-02 0.0000e+00
2.7050e-02 0.0000e+00
2.7150e-02 0.0000e+00
2.7250e-02 0.0000e+00
2.7350e-02 0.0000e+00
2.7450e-02 0.0000e+00
2.7550e-02 0.0000e+00
2.7650e-02 0.0000e+00
2.7750e-02 0.0000e+00
2.7850e-02 0.0000e+00
2.7950e-02 0.0000e+00
2.8050e-02 0.0000e+00
2.8150e-02 0.0000e+00
2.8250e-02 0.0000e+00
2.8350e-02 0.0000e+00
2.8450e-02 0.0000e+00
2.8550e-02 0.0000e+00
2.8650e-02 0.0000e+00
2.8750e-02 0.0000e+00
2.8850e-02 0.0000e+00
2.8950e-02 0.0000e+00
2.9050e-02 0.0000e+00
2.9150e-02 0.0000e+00
2.9250e-02 0.0000e+00
2.9350e-02 0.0000e+00
2.9450e-02 0.0000e+00
2.9550e-02 0.0000e+00
2.9650e-02 0.0000e+00
2.9750e-02 0.0000e+00
2.9850e-02 0.0000e+00
2.9950e-02 0.0000e+00
3.0050e-02 0.0000e+00
3.0150e-02 0.0000e+00
3.0250e-02 0.0000e+00
3.0350e-02 0.0000e+00
3.0450e-02 0.0000e+00
3.0550e-02 0.0000e+00
3.0650e-02 0.0000e+00
3.0750e-02 0.0000e+00
3.0850e-02 0.0000e+00
3.0950e-02 0.0000e+00
3.1050e-02 0.0000e+00
3.1150e-02 0.0000e+00
3.1250e-02 0.0000e+00
3.1350e-02 0.0000e+00
3.1450e-02 0.0000e+00
3.1550e-02 0.0000e+00
3.1650e-02 0.0000e+00
3.1750e-02 0.0000e+00
3.1850e-02 0.0000e+00
3.1950e-02 0.0000e+00
3.2050e-02 0.0000e+00
3.2150e-02 0.0000e+00
3.2250e-02 0.0000e+00
3.2350e-02 0.0000e+00
3.2450e-02 0.0000e+00
3.2550e-02 0.0000e+00
3.2650e-02 0.0000e+00
3.2750e-02 0.0000e+00
3.2850e-02 0.0000e+00
3.2950e-02 0.0000e+00
3.3050e-02 0.0000e+00
3.3150e-02 0.0000e+00
3.3250e-02 0.0000e+00
3.3350e-02 0.0000e+00
3.3450e-02 0.0000e+00
3.3550e-02 0.0000e+00
3.3650e-02 0.0000e+00
3.3750e-02 0.0000e+00
3.3850e-02 0.0000e+00
3.3950e-02 0.0000e+00
3.4050e-02 0.0000e+00
3.4150e-02 0.0000e+00
3.4250e-02 0.0000e+00
3.4350e-02 0.0000e+00
3.4450e-02 0.0000e+00
3.4550e-02 0.0000e+00
3.4650e-02 0.0000e+00
3.4750e-02 0.0000e+00
3.4850e-02 0.0000e+00
3.4950e-02 0.0000e+00
3.5050e-02 0.0000e+00
3.5150e-02 0.0000e+00
3.5250e-02 0.0000e+00
3.5350e-02 0.0000e+00
3.5450e-02 0.0000e+00
3.5550e-02 0.0000e+00
3.5650e-02 0.0000e+00
3.5750e-02 0.0000e+00
3.5850e-02 0.0000e+00
3.5950e-02 0.0000e+00
3.6050e-02 0.0000e+00
3.6150e-02 0.0000e+00
3.6250e-02 0.0000e+00
3.6350e-02 0.0000e+00
3.6450e-02 0.0000e+00
3.6550e-02 0.0000e+00
3.6650e-02 0.0000e+00
3.6750e-02 0.0000e+00
3.6850e-02 0.0000e+00
3.6950e-02 0.0000e+00
3.7050e-02 0.0000e+00
3.7150e-02 0.0000e+00
3.7250e-02 0.0000e+00
3.7350e-02 0.0000e+00
3.7450e-02 0.0000e+00
3.7550e-02 0.0000e+00
3.7650e-02 0.0000e+00
3.7750e-02 0.0000e+00
3.7850e-02 0.0000e+00
3.7950e-02 0.0000e+00
3.8050e-02 0.0000e+00
3.8150e-02 0.0000e+00
3.8250e-02 0.0000e+00
3.8350e-02 0.0000e+00
3.8450e-02 0.0000e+00
3.8550e-02 0.0000e+00
3.8650e-02 0.0000e+00
3.8750e-02 0.0000e+00
3.8850e-02 0.0000e+00
3.8950e-02 0.0000e+00
3.9050e-02 0.0000e+00
3.9150e-02 0.0000e+00
3.9250e-02 0.0000e+00
3.9350e-02 0.0000e+00
3.9450e-02 0.0000e+00
3.9550e-02 0.0000e+00
3.9650e-02 0.0000e+00
3.9750e-02 0.0000e+00
3.9850e-02 0.0000e+00
3.9950e-02 0.0000e+00
4.0050e-02 0.0000e+00
4.0150e-02 0.0000e+00
4.0250e-02 0.0000e+00
4.0350e-02 0.0000e+00
4.0450e-02 0.0000e+00
4.0550e-02 0.0000e+00
4.0650e-02 0.0000e+00
4.0750e-02 0.0000e+00
4.0850e-02 0.0000e+00
4.0950e-02 0.0000e+00
4.1050e-02 0.0000e+00
4.1150e-02 0.0000e+00
4.1250e-02 0.0000e+00
4.1350e-02 0.0000e+00
4.1450e-02 0.0000e+00
4.1550e-02 0.0000e+00
4.1650e-02 0.0000e+00
4.1750e-02 0.0000e+00
4.1850e-02 0.0000e+00
4.1950e-02 0.0000e+00
4.2050e-02 0.0000e+00
4.2150e-02 0.0000e+00
4.2250e-02 0.0000e+00
4.2350e-02 0.0000e+00
4.2450e-02 0.0000e+00
4.2550e-02 0.0000e+00
4.2650e-02 0.0000e+00
4.2750e-02 0.0000e+00
4.2850e-02 0.0000e+00
4.2950e-02 0.0000e+00
4.3050e-02 0.0000e+00
4.3150e-02 0.0000e+00
4.3250e-02 0.0000e+00
4.3350e-02 0.0000e+00
4.3450e-02 0.0000e+00
4.3550e-02 0.0000e+00
4.3650e-02 0.0000e+00
4.3750e-02 0.0000e+00
4.3850e-02 0.0000e+00
4.3950e-02 0.0000e+00
4.4050e-02 0.0000e+00
4.4150e-02 0.0000e+00
4.4250e-02 0.0000e+00
4.4350e-02 0.0000e+00
4.4450e-02 0.0000e+00
4.4550e-02 0.0000e+00
4.4650e-02 0.0000e+00
4.4750e-02 0.0000e+00
4.4850e-02 0.0000e+00
4.4950e-02 0.0000e+00
4.5050e-02 0.0000e+00
4.5150e-02 0.0000e+00
4.5250e-02 0.0000e+00
4.5350e-02 0.0000e+00
4.5450e-02 0.0000e+00
4.5550e-02 0.0000e+00
4.5650e-02 0.0000e+00
4.5750e-02 0.0000e+00
4.5850e-02 0.0000e+00
4.5950e-02 0.0000e+00
4.6050e-02 0.0000e+00
4.6150e-02 0.0000e+00
4.6250e-02 0.0000e+00
4.6350e-02 0.0000e+00
4.6450e-02 0.0000e+00
4.6550e-02 0.0000e+00
4.6650e-02 0.0000e+00
4.6750e-02 0.0000e+00
4.6850e-02 0.0000e+00
4.6950e-02 0.0000e+00
4.7050e-02 0.0000e+00
4.7150e-02 0.0000e+00
4.7250e-02 0.0000e+00
4.7350e-02 0.0000e+00
4.7450e-02 0.0000e+00
4.7550e-02 0.0000e+00
4.7650e-02 0.0000e+00
4.7750e-02 0.0000e+00
4.7850e-02 0.0000e+00
4.7950e-02 0.0000e+00
4.8050e-02 0.0000e+00
4.8150e-02 0.0000e+00
4.8250e-02 0.0000e+00
4.8350e-02 0.0000e+00
4.8450e-02 0.0000e+00
4.8550e-02 0.0000e+00
4.8650e-02 0.0000e+00
4.8750e-02 0.0000e+00
4.8850e-02 0.0000e+00
4.8950e-02 0.0000e+00
4.9050e-02 0.0000e+00
4.9150e-02 0.0000e+00
4.9250e-02 0.0000e+00
4.9350e-02 0.0000e+00
4.9450e-02 0.0000e+00
4.9550e-02 0.0000e+00
4.9650e-02 0.0000e+00
4.9750e-02 0.0000e+00
4.9850e-02 0.0000e+00
