1.00000e-03 inf
1.21819e-03 inf
1.48398e-03 2.20016e-32
1.80777e-03 7.93505e-35
2.20220e-03 6.67422e-36
2.68270e-03 1.62643e-36
3.26803e-03 5.80297e-37
3.98107e-03 2.57498e-37
4.84969e-03 1.55820e-37
5.90784e-03 1.28448e-37
7.19686e-03 9.77871e-38
8.76712e-03 8.39706e-38
1.06800e-02 7.63922e-38
1.30103e-02 7.23470e-38
1.58489e-02 7.25475e-38
1.93070e-02 7.54424e-38
2.35195e-02 8.27295e-38
2.86512e-02 9.00736e-38
3.49025e-02 1.00386e-37
4.25179e-02 1.13920e-37
5.17947e-02 1.29248e-37
6.30957e-02 1.48680e-37
7.68625e-02 1.73716e-37
9.36329e-02 2.11268e-37
1.14062e-01 2.50396e-37
1.38950e-01 2.90340e-37
1.69267e-01 3.64028e-37
2.06199e-01 4.13144e-37
2.51189e-01 5.03071e-37
3.05995e-01 6.00533e-37
3.72759e-01 7.53808e-37
4.54091e-01 8.66940e-37
5.53168e-01 1.10738e-36
6.73863e-01 1.30903e-36
8.20891e-01 1.58263e-36
1.00000e+00 1.98388e-36
