1.00000e-03 8.49074e-08
1.21819e-03 4.62047e-09
1.48398e-03 2.72790e-10
1.80777e-03 1.75564e-11
2.20220e-03 1.23502e-12
2.68270e-03 9.22685e-14
3.26803e-03 7.34849e-15
3.98107e-03 6.08460e-16
4.84969e-03 5.15077e-17
5.90784e-03 4.35429e-18
7.19686e-03 3.64332e-19
8.76712e-03 3.01402e-20
1.06800e-02 2.53501e-21
1.30103e-02 2.27299e-22
1.58489e-02 2.30674e-23
1.93070e-02 2.88314e-24
2.35195e-02 3.97194e-25
2.86512e-02 5.60834e-26
3.49025e-02 1.04629e-26
4.25179e-02 8.65809e-28
5.17947e-02 1.28667e-28
6.30957e-02 3.10096e-29
7.68625e-02 1.11496e-29
9.36329e-02 5.71054e-30
1.14062e-01 3.40971e-30
1.38950e-01 2.17689e-30
1.69267e-01 1.21617e-30
2.06199e-01 7.22771e-31
2.51189e-01 5.86653e-31
3.05995e-01 4.19242e-31
3.72759e-01 3.84046e-31
4.54091e-01 2.88767e-31
5.53168e-01 2.30106e-31
6.73863e-01 2.34055e-31
8.20891e-01 1.66896e-31
1.00000e+00 1.34465e-31
