2.00000e-11 inf
2.09814e-11 inf
2.20110e-11 inf
2.30910e-11 inf
2.42241e-11 inf
2.54128e-11 inf
2.66598e-11 inf
2.79680e-11 inf
2.93404e-11 inf
3.07801e-11 inf
3.22905e-11 inf
3.38750e-11 inf
3.55373e-11 inf
3.72811e-11 inf
3.91105e-11 inf
4.10297e-11 inf
4.30430e-11 inf
4.51551e-11 inf
4.73709e-11 inf
4.96954e-11 inf
5.21339e-11 inf
5.46922e-11 inf
5.73759e-11 inf
6.01913e-11 inf
6.31449e-11 inf
6.62435e-11 inf
6.94941e-11 inf
7.29041e-11 inf
7.64816e-11 inf
8.02345e-11 inf
8.41716e-11 inf
8.83019e-11 inf
9.26349e-11 inf
9.71805e-11 inf
1.01949e-10 inf
1.06952e-10 inf
1.12200e-10 inf
1.17706e-10 inf
1.23482e-10 inf
1.29541e-10 1.14274e-08
1.35897e-10 1.35222e-08
1.42566e-10 1.49252e-08
1.49562e-10 1.57412e-08
1.56901e-10 1.60695e-08
1.64600e-10 1.60038e-08
1.72677e-10 1.56311e-08
1.81150e-10 1.50308e-08
1.90039e-10 1.42733e-08
1.99364e-10 1.34199e-08
2.09147e-10 inf
2.19410e-10 inf
2.30176e-10 inf
2.41471e-10 inf
2.53320e-10 inf
2.65751e-10 inf
2.78791e-10 inf
2.92471e-10 inf
3.06823e-10 inf
3.21879e-10 inf
3.37673e-10 inf
3.54243e-10 inf
3.71626e-10 inf
3.89862e-10 inf
4.08992e-10 inf
4.29062e-10 inf
4.50116e-10 inf
4.72203e-10 inf
4.95374e-10 inf
5.19682e-10 inf
5.45183e-10 inf
5.71935e-10 inf
6.00000e-10 inf
5.00000e-09 inf
5.24535e-09 inf
5.50274e-09 inf
5.77276e-09 inf
6.05603e-09 inf
6.35320e-09 inf
6.66495e-09 inf
6.99200e-09 inf
7.33510e-09 inf
7.69504e-09 inf
8.07263e-09 inf
8.46876e-09 inf
8.88432e-09 4.90505e-13
9.32028e-09 2.78192e-13
9.77762e-09 2.40378e-13
1.02574e-08 2.22519e-13
1.07607e-08 2.31026e-13
1.12888e-08 1.99057e-13
1.18427e-08 1.77288e-13
1.24238e-08 1.58939e-13
1.30335e-08 1.42461e-13
1.36730e-08 1.28421e-13
1.43440e-08 1.24526e-13
1.50478e-08 1.10107e-13
1.57862e-08 1.04905e-13
1.65609e-08 1.01211e-13
1.73735e-08 1.07123e-13
1.82260e-08 9.38085e-14
1.91204e-08 8.94517e-14
2.00586e-08 4.84004e-14
2.10429e-08 3.18016e-14
2.20755e-08 2.44851e-14
2.31587e-08 1.85668e-14
2.42951e-08 1.44150e-14
2.54873e-08 1.24906e-14
2.67380e-08 1.19613e-14
2.80500e-08 1.18814e-14
2.94264e-08 1.13499e-14
3.08704e-08 1.12266e-14
3.23852e-08 1.06553e-14
3.39743e-08 1.07026e-14
3.56415e-08 1.03909e-14
3.73904e-08 1.01621e-14
3.92251e-08 9.89053e-15
4.11499e-08 9.62474e-15
4.31692e-08 9.44506e-15
4.52875e-08 9.38732e-15
4.75097e-08 9.35615e-15
4.98411e-08 9.33858e-15
5.22868e-08 9.37488e-15
5.48525e-08 9.44868e-15
5.75441e-08 9.54919e-15
6.03678e-08 9.67051e-15
6.33300e-08 9.80696e-15
6.64377e-08 9.95958e-15
6.96978e-08 1.01262e-14
7.31178e-08 1.04500e-14
7.67057e-08 1.07601e-14
8.04697e-08 8.90408e-15
8.44184e-08 9.50756e-15
8.85608e-08 9.74708e-15
9.29065e-08 9.82748e-15
9.74654e-08 1.00860e-14
1.02248e-07 inf
1.07265e-07 inf
1.12529e-07 inf
1.18051e-07 inf
1.23843e-07 inf
1.29921e-07 inf
1.36296e-07 inf
1.42984e-07 inf
1.50000e-07 inf
