1.00000e-03 inf
1.21819e-03 inf
1.48398e-03 1.09939e-35
1.80777e-03 1.09385e-37
2.20220e-03 1.96443e-38
2.68270e-03 7.47529e-39
3.26803e-03 4.03201e-39
3.98107e-03 2.79586e-39
4.84969e-03 2.20244e-39
5.90784e-03 2.02090e-39
7.19686e-03 1.89228e-39
8.76712e-03 1.92691e-39
1.06800e-02 2.02641e-39
1.30103e-02 2.23491e-39
1.58489e-02 2.42117e-39
1.93070e-02 2.80961e-39
2.35195e-02 3.25302e-39
2.86512e-02 3.85132e-39
3.49025e-02 4.46165e-39
4.25179e-02 5.38004e-39
5.17947e-02 6.27399e-39
6.30957e-02 7.47529e-39
7.68625e-02 9.02331e-39
9.36329e-02 1.08251e-38
1.14062e-01 1.35862e-38
1.38950e-01 1.61251e-38
1.69267e-01 1.92502e-38
2.06199e-01 2.26870e-38
2.51189e-01 2.80475e-38
3.05995e-01 3.46690e-38
3.72759e-01 4.17414e-38
4.54091e-01 4.99327e-38
5.53168e-01 6.10132e-38
6.73863e-01 7.40412e-38
8.20891e-01 9.02130e-38
1.00000e+00 1.10277e-37
