# E [keV] dRdE [cts/keV/day]
9.0000e-04 1.4540e+05
9.1893e-04 1.3660e+05
9.3825e-04 1.2833e+05
9.5799e-04 1.2056e+05
9.7813e-04 1.1326e+05
9.9870e-04 1.0641e+05
1.0197e-03 9.9967e+04
1.0412e-03 9.3916e+04
1.0630e-03 8.8232e+04
1.0854e-03 8.2891e+04
1.1082e-03 7.7874e+04
1.1315e-03 7.3160e+04
1.1553e-03 6.8732e+04
1.1796e-03 6.4572e+04
1.2044e-03 6.0663e+04
1.2298e-03 5.6991e+04
1.2556e-03 5.3542e+04
1.2820e-03 5.0301e+04
1.3090e-03 4.7256e+04
1.3365e-03 4.4396e+04
1.3646e-03 4.1709e+04
1.3933e-03 3.9184e+04
1.4226e-03 3.6812e+04
1.4526e-03 3.4584e+04
1.4831e-03 3.2491e+04
1.5143e-03 3.0524e+04
1.5462e-03 2.8677e+04
1.5787e-03 2.6941e+04
1.6119e-03 2.5310e+04
1.6458e-03 2.3778e+04
1.6804e-03 2.2339e+04
1.7157e-03 2.0987e+04
1.7518e-03 1.9716e+04
1.7886e-03 1.8523e+04
1.8263e-03 1.7402e+04
1.8647e-03 1.6349e+04
1.9039e-03 1.5359e+04
1.9439e-03 1.4429e+04
1.9848e-03 1.3556e+04
2.0266e-03 1.2735e+04
2.0692e-03 1.1965e+04
2.1127e-03 1.1240e+04
2.1571e-03 1.0560e+04
2.2025e-03 9.9208e+03
2.2488e-03 9.3203e+03
2.2961e-03 8.7562e+03
2.3444e-03 8.2262e+03
2.3937e-03 7.7282e+03
2.4440e-03 7.2605e+03
2.4954e-03 6.8210e+03
2.5479e-03 6.4081e+03
2.6015e-03 6.0202e+03
2.6562e-03 5.6558e+03
2.7121e-03 5.3135e+03
2.7691e-03 4.9919e+03
2.8273e-03 4.6897e+03
2.8868e-03 4.4059e+03
2.9475e-03 4.1392e+03
3.0095e-03 3.8886e+03
3.0728e-03 3.6533e+03
3.1374e-03 3.4321e+03
3.2034e-03 3.2244e+03
3.2708e-03 3.0292e+03
3.3396e-03 2.8459e+03
3.4098e-03 2.6736e+03
3.4815e-03 2.5118e+03
3.5547e-03 2.3598e+03
3.6295e-03 2.2169e+03
3.7058e-03 2.0827e+03
3.7838e-03 1.9567e+03
3.8633e-03 1.8382e+03
3.9446e-03 1.7270e+03
4.0275e-03 1.6224e+03
4.1122e-03 1.5242e+03
4.1987e-03 1.4320e+03
4.2870e-03 1.3453e+03
4.3772e-03 1.2639e+03
4.4692e-03 1.1874e+03
4.5632e-03 1.1155e+03
4.6592e-03 1.0480e+03
4.7572e-03 9.8454e+02
4.8572e-03 9.2495e+02
4.9594e-03 8.6896e+02
5.0637e-03 8.1637e+02
5.1702e-03 7.6695e+02
5.2789e-03 7.2053e+02
5.3899e-03 6.7692e+02
5.5033e-03 6.3594e+02
5.6190e-03 5.9745e+02
5.7372e-03 5.6129e+02
5.8579e-03 5.2731e+02
5.9810e-03 4.9540e+02
6.1068e-03 4.6541e+02
6.2353e-03 4.3724e+02
6.3664e-03 4.1077e+02
6.5003e-03 3.8591e+02
6.6370e-03 3.6255e+02
6.7766e-03 3.4061e+02
6.9191e-03 3.1999e+02
7.0646e-03 3.0062e+02
7.2132e-03 2.8243e+02
7.3649e-03 2.6533e+02
7.5198e-03 2.4927e+02
7.6779e-03 2.3418e+02
7.8394e-03 2.2001e+02
8.0043e-03 2.0669e+02
8.1726e-03 1.9418e+02
8.3445e-03 1.8243e+02
8.5200e-03 1.7138e+02
8.6991e-03 1.6101e+02
8.8821e-03 1.5127e+02
9.0689e-03 1.4211e+02
9.2596e-03 1.3351e+02
9.4544e-03 1.2543e+02
9.6532e-03 1.1783e+02
9.8562e-03 1.1070e+02
1.0063e-02 1.0400e+02
1.0275e-02 9.7706e+01
1.0491e-02 9.1792e+01
1.0712e-02 8.6236e+01
1.0937e-02 8.1017e+01
1.1167e-02 7.6113e+01
1.1402e-02 7.1506e+01
1.1642e-02 6.7178e+01
1.1887e-02 6.3111e+01
1.2137e-02 5.9291e+01
1.2392e-02 5.5702e+01
1.2652e-02 5.2331e+01
1.2919e-02 4.9163e+01
1.3190e-02 4.6188e+01
1.3468e-02 4.3392e+01
1.3751e-02 4.0765e+01
1.4040e-02 3.8298e+01
1.4335e-02 3.5980e+01
1.4637e-02 3.3802e+01
1.4945e-02 3.1756e+01
1.5259e-02 2.9834e+01
1.5580e-02 2.8028e+01
1.5908e-02 2.6332e+01
1.6242e-02 2.4738e+01
1.6584e-02 2.3240e+01
1.6932e-02 2.1834e+01
1.7289e-02 2.0512e+01
1.7652e-02 1.9271e+01
1.8023e-02 1.8104e+01
1.8402e-02 1.7008e+01
1.8789e-02 1.5979e+01
1.9185e-02 1.5012e+01
1.9588e-02 1.4103e+01
2.0000e-02 1.3249e+01
