# Phonon Energy [keV]    Rate [cts/keV/day]    Extrapolated
0.00000e+00 2067736266111909.5 1
8.00000e-05 503565110516457.2 1
1.60000e-04 133054450875460.7 1
2.40000e-04 37805058562265.4 1
3.20000e-04 11464396655669.2 1
4.00000e-04 3686800429428.2 1
4.80000e-04 1250412563851.4 1
5.60000e-04 445135243292.6 1
6.40000e-04 165638632258.4 1
7.20000e-04 64191997986.4 1
8.00000e-04 25825916120.1 1
8.80000e-04 10756006266.5 1
9.60000e-04 4625592163.8 1
1.04000e-03 2145710784.3 0
1.12000e-03 901429738.6 0
1.20000e-03 395629085.0 0
1.28000e-03 192565359.5 0
1.36000e-03 103349673.2 0
1.44000e-03 63439542.5 0
1.52000e-03 40808823.5 0
1.60000e-03 29820261.4 0
1.68000e-03 23202614.4 0
1.76000e-03 20424836.6 0
1.84000e-03 18545751.6 0
1.92000e-03 18954248.4 0
2.00000e-03 15318627.5 0
2.08000e-03 17034313.7 0
2.16000e-03 15236928.1 0
2.24000e-03 13521241.8 0
2.32000e-03 11233660.1 0
2.40000e-03 10539215.7 0
2.48000e-03 10130719.0 0
2.56000e-03 8251634.0 0
2.64000e-03 7271241.8 0
2.72000e-03 5596405.2 0
2.80000e-03 4901960.8 0
2.88000e-03 3921568.6 0
2.96000e-03 2859477.1 0
3.04000e-03 2083333.3 0
3.12000e-03 1756535.9 0
3.20000e-03 1266339.9 0
3.28000e-03 1021241.8 0
3.36000e-03 490196.1 0
3.44000e-03 531045.8 0
3.52000e-03 816993.5 0
3.60000e-03 857843.1 0
3.68000e-03 490196.1 0
3.76000e-03 326797.4 0
3.84000e-03 285947.7 0
3.92000e-03 694444.4 0
4.00000e-03 653594.8 0
4.08000e-03 367647.1 0
4.16000e-03 163398.7 0
4.24000e-03 245098.0 0
4.32000e-03 408496.7 0
4.40000e-03 245098.0 0
4.48000e-03 326797.4 0
4.56000e-03 122549.0 0
4.64000e-03 326797.4 0
4.72000e-03 245098.0 0
4.80000e-03 367647.1 0
4.88000e-03 81699.3 0
4.96000e-03 408496.7 0
5.04000e-03 408496.7 0
5.12000e-03 122549.0 0
5.20000e-03 204248.4 0
5.28000e-03 245098.0 0
5.36000e-03 81699.3 0
5.44000e-03 81699.3 0
5.52000e-03 122549.0 0
5.60000e-03 204248.4 0
5.68000e-03 40849.7 0
5.76000e-03 245098.0 0
5.84000e-03 204248.4 0
5.92000e-03 163398.7 0
6.00000e-03 81699.3 0
6.08000e-03 245098.0 0
6.16000e-03 204248.4 0
6.24000e-03 81699.3 0
6.32000e-03 163398.7 0
6.40000e-03 81699.3 0
6.48000e-03 122549.0 0
6.56000e-03 163398.7 0
6.64000e-03 326797.4 0
6.72000e-03 163398.7 0
6.80000e-03 81699.3 0
6.88000e-03 0.0 0
6.96000e-03 122549.0 0
7.04000e-03 204248.4 0
7.12000e-03 40849.7 0
7.20000e-03 163398.7 0
7.28000e-03 40849.7 0
7.36000e-03 81699.3 0
7.44000e-03 122549.0 0
7.52000e-03 81699.3 0
7.60000e-03 122549.0 0
7.68000e-03 81699.3 0
7.76000e-03 0.0 0
7.84000e-03 122549.0 0
7.92000e-03 81699.3 0
8.00000e-03 40849.7 0
8.08000e-03 40849.7 0
8.16000e-03 204248.4 0
8.24000e-03 81699.3 0
8.32000e-03 0.0 0
8.40000e-03 0.0 0
8.48000e-03 0.0 0
8.56000e-03 81699.3 0
8.64000e-03 81699.3 0
8.72000e-03 81699.3 0
8.80000e-03 40849.7 0
8.88000e-03 40849.7 0
8.96000e-03 81699.3 0
9.04000e-03 0.0 0
9.12000e-03 0.0 0
9.20000e-03 40849.7 0
9.28000e-03 0.0 0
9.36000e-03 40849.7 0
9.44000e-03 0.0 0
9.52000e-03 0.0 0
9.60000e-03 40849.7 0
9.68000e-03 0.0 0
9.76000e-03 40849.7 0
9.84000e-03 0.0 0
9.92000e-03 0.0 0
1.00000e-02 81699.3 0
1.00800e-02 0.0 0
1.01600e-02 40849.7 0
1.02400e-02 0.0 0
1.03200e-02 40849.7 0
1.04000e-02 0.0 0
1.04800e-02 40849.7 0
1.05600e-02 0.0 0
1.06400e-02 40849.7 0
1.07200e-02 81699.3 0
1.08000e-02 0.0 0
1.08800e-02 0.0 0
1.09600e-02 0.0 0
1.10400e-02 81699.3 0
1.11200e-02 0.0 0
1.12000e-02 0.0 0
1.12800e-02 0.0 0
1.13600e-02 40849.7 0
1.14400e-02 0.0 0
1.15200e-02 81699.3 0
1.16000e-02 0.0 0
1.16800e-02 0.0 0
1.17600e-02 40849.7 0
1.18400e-02 0.0 0
1.19200e-02 0.0 0
1.20000e-02 0.0 0
1.20800e-02 0.0 0
1.21600e-02 40849.7 0
1.22400e-02 40849.7 0
1.23200e-02 0.0 0
1.24000e-02 0.0 0
1.24800e-02 40849.7 0
1.25600e-02 0.0 0
1.26400e-02 40849.7 0
1.27200e-02 0.0 0
1.28000e-02 0.0 0
1.28800e-02 0.0 0
1.29600e-02 40849.7 0
1.30400e-02 0.0 0
1.31200e-02 0.0 0
1.32000e-02 40849.7 0
1.32800e-02 0.0 0
1.33600e-02 0.0 0
1.34400e-02 40849.7 0
1.35200e-02 0.0 0
1.36000e-02 0.0 0
1.36800e-02 0.0 0
1.37600e-02 0.0 0
1.38400e-02 0.0 0
1.39200e-02 0.0 0
1.40000e-02 0.0 0
1.40800e-02 0.0 0
1.41600e-02 81699.3 0
1.42400e-02 40849.7 0
1.43200e-02 0.0 0
1.44000e-02 0.0 0
1.44800e-02 0.0 0
1.45600e-02 40849.7 0
1.46400e-02 0.0 0
1.47200e-02 0.0 0
1.48000e-02 0.0 0
1.48800e-02 0.0 0
1.49600e-02 0.0 0
1.50400e-02 0.0 0
1.51200e-02 0.0 0
1.52000e-02 40849.7 0
1.52800e-02 0.0 0
1.53600e-02 0.0 0
1.54400e-02 0.0 0
1.55200e-02 0.0 0
1.56000e-02 0.0 0
1.56800e-02 0.0 0
1.57600e-02 0.0 0
1.58400e-02 0.0 0
1.59200e-02 0.0 0
1.60000e-02 0.0 0
1.60800e-02 0.0 0
1.61600e-02 0.0 0
1.62400e-02 0.0 0
1.63200e-02 0.0 0
1.64000e-02 0.0 0
1.64800e-02 0.0 0
1.65600e-02 0.0 0
1.66400e-02 0.0 0
1.67200e-02 0.0 0
1.68000e-02 0.0 0
1.68800e-02 0.0 0
1.69600e-02 0.0 0
1.70400e-02 0.0 0
1.71200e-02 40849.7 0
1.72000e-02 0.0 0
1.72800e-02 0.0 0
1.73600e-02 81699.3 0
1.74400e-02 0.0 0
1.75200e-02 0.0 0
1.76000e-02 0.0 0
1.76800e-02 0.0 0
1.77600e-02 0.0 0
1.78400e-02 0.0 0
1.79200e-02 40849.7 0
1.80000e-02 0.0 0
1.80800e-02 0.0 0
1.81600e-02 0.0 0
1.82400e-02 0.0 0
1.83200e-02 0.0 0
1.84000e-02 0.0 0
1.84800e-02 0.0 0
1.85600e-02 40849.7 0
1.86400e-02 0.0 0
1.87200e-02 0.0 0
1.88000e-02 0.0 0
1.88800e-02 0.0 0
1.89600e-02 0.0 0
1.90400e-02 0.0 0
1.91200e-02 0.0 0
1.92000e-02 0.0 0
1.92800e-02 0.0 0
1.93600e-02 0.0 0
1.94400e-02 0.0 0
1.95200e-02 0.0 0
1.96000e-02 0.0 0
1.96800e-02 0.0 0
1.97600e-02 0.0 0
1.98400e-02 0.0 0
1.99200e-02 0.0 0
