# Phonon Energy [keV]    Rate [cts/keV/day]    Extrapolated
0.00000e+00 5.54722e+13 1
8.00000e-06 5.14196e+13 1
1.60000e-05 4.76631e+13 1
2.40000e-05 4.41809e+13 1
3.20000e-05 4.09532e+13 1
4.00000e-05 3.79613e+13 1
4.80000e-05 3.51880e+13 1
5.60000e-05 3.26172e+13 1
6.40000e-05 3.02343e+13 1
7.20000e-05 2.80255e+13 1
8.00000e-05 2.59780e+13 1
8.80000e-05 2.40802e+13 1
9.60000e-05 2.23209e+13 1
1.04000e-04 2.06902e+13 1
1.12000e-04 1.91787e+13 1
1.20000e-04 1.77775e+13 1
1.28000e-04 1.64788e+13 1
1.36000e-04 1.52749e+13 1
1.44000e-04 1.41589e+13 1
1.52000e-04 1.31245e+13 1
1.60000e-04 1.21657e+13 1
1.68000e-04 1.12769e+13 1
1.76000e-04 1.04531e+13 1
1.84000e-04 9.68938e+12 1
1.92000e-04 8.98151e+12 1
2.00000e-04 8.32535e+12 1
2.08000e-04 7.71712e+12 1
2.16000e-04 7.15333e+12 1
2.24000e-04 6.63073e+12 1
2.32000e-04 6.14631e+12 1
2.40000e-04 5.69728e+12 1
2.48000e-04 5.28105e+12 1
2.56000e-04 4.89524e+12 1
2.64000e-04 4.53761e+12 1
2.72000e-04 4.20610e+12 1
2.80000e-04 3.89882e+12 1
2.88000e-04 3.61398e+12 1
2.96000e-04 3.34996e+12 1
3.04000e-04 3.10522e+12 1
3.12000e-04 2.87836e+12 1
3.20000e-04 2.66808e+12 1
3.28000e-04 2.47315e+12 1
3.36000e-04 2.29247e+12 1
3.44000e-04 2.12499e+12 1
3.52000e-04 1.96975e+12 1
3.60000e-04 1.82584e+12 1
3.68000e-04 1.69245e+12 1
3.76000e-04 1.56881e+12 1
3.84000e-04 1.45420e+12 1
3.92000e-04 1.34796e+12 1
4.00000e-04 1.24948e+12 1
4.08000e-04 1.15820e+12 1
4.16000e-04 1.07358e+12 1
4.24000e-04 9.95149e+11 1
4.32000e-04 9.22446e+11 1
4.40000e-04 8.55055e+11 1
4.48000e-04 7.92587e+11 1
4.56000e-04 7.34683e+11 1
4.64000e-04 6.81010e+11 1
4.72000e-04 6.31257e+11 1
4.80000e-04 5.85139e+11 1
4.88000e-04 5.42391e+11 1
4.96000e-04 5.02766e+11 1
5.04000e-04 4.66035e+11 1
5.12000e-04 4.31988e+11 1
5.20000e-04 4.00428e+11 1
5.28000e-04 3.71174e+11 1
5.36000e-04 3.44057e+11 1
5.44000e-04 3.18922e+11 1
5.52000e-04 2.95622e+11 1
5.60000e-04 2.74025e+11 1
5.68000e-04 2.54005e+11 1
5.76000e-04 2.35449e+11 1
5.84000e-04 2.18247e+11 1
5.92000e-04 2.02303e+11 1
6.00000e-04 1.87523e+11 1
6.08000e-04 1.73823e+11 1
6.16000e-04 1.61124e+11 1
6.24000e-04 1.49353e+11 1
6.32000e-04 1.38442e+11 1
6.40000e-04 1.28328e+11 1
6.48000e-04 1.18953e+11 1
6.56000e-04 1.10262e+11 1
6.64000e-04 1.02207e+11 1
6.72000e-04 9.47399e+10 1
6.80000e-04 8.78185e+10 1
6.88000e-04 8.14027e+10 1
6.96000e-04 7.54557e+10 1
7.04000e-04 6.99431e+10 1
7.12000e-04 6.48333e+10 1
7.20000e-04 6.00968e+10 1
7.28000e-04 5.57063e+10 1
7.36000e-04 5.16366e+10 1
7.44000e-04 4.78642e+10 1
7.52000e-04 4.43673e+10 1
7.60000e-04 4.11260e+10 1
7.68000e-04 3.81215e+10 1
7.76000e-04 3.53364e+10 1
7.84000e-04 3.27549e+10 1
7.92000e-04 3.03619e+10 1
8.00000e-04 2.81437e+10 1
8.08000e-04 2.60876e+10 1
8.16000e-04 2.41818e+10 1
8.24000e-04 2.24151e+10 1
8.32000e-04 2.07775e+10 1
8.40000e-04 1.92596e+10 1
8.48000e-04 1.78525e+10 1
8.56000e-04 1.65483e+10 1
8.64000e-04 1.53393e+10 1
8.72000e-04 1.42187e+10 1
8.80000e-04 1.31799e+10 1
8.88000e-04 1.22170e+10 1
8.96000e-04 1.13245e+10 1
9.04000e-04 1.04972e+10 1
9.12000e-04 9.73026e+09 1
9.20000e-04 9.01940e+09 1
9.28000e-04 8.36047e+09 1
9.36000e-04 7.74968e+09 1
9.44000e-04 7.18351e+09 1
9.52000e-04 6.65871e+09 1
9.60000e-04 6.17224e+09 1
9.68000e-04 5.72132e+09 1
9.76000e-04 5.30334e+09 1
9.84000e-04 4.91589e+09 1
9.92000e-04 4.55675e+09 1
1.00000e-03 4.22385e+09 1
1.00800e-03 3.91527e+09 1
1.01600e-03 3.62923e+09 1
1.02400e-03 3.36409e+09 1
1.03200e-03 3.11832e+09 1
1.04000e-03 2.14571e+09 0
1.12000e-03 9.01430e+08 0
1.20000e-03 3.95629e+08 0
1.28000e-03 1.92565e+08 0
1.36000e-03 1.03350e+08 0
1.44000e-03 6.34395e+07 0
1.52000e-03 4.08088e+07 0
1.60000e-03 2.98203e+07 0
1.68000e-03 2.32026e+07 0
1.76000e-03 2.04248e+07 0
1.84000e-03 1.85458e+07 0
1.92000e-03 1.89542e+07 0
2.00000e-03 1.53186e+07 0
2.08000e-03 1.70343e+07 0
2.16000e-03 1.52369e+07 0
2.24000e-03 1.35212e+07 0
2.32000e-03 1.12337e+07 0
2.40000e-03 1.05392e+07 0
2.48000e-03 1.01307e+07 0
2.56000e-03 8.25163e+06 0
2.64000e-03 7.27124e+06 0
2.72000e-03 5.59641e+06 0
2.80000e-03 4.90196e+06 0
2.88000e-03 3.92157e+06 0
2.96000e-03 2.85948e+06 0
3.04000e-03 2.08333e+06 0
3.12000e-03 1.75654e+06 0
3.20000e-03 1.26634e+06 0
3.28000e-03 1.02124e+06 0
3.36000e-03 4.90196e+05 0
3.44000e-03 5.31046e+05 0
3.52000e-03 8.16993e+05 0
3.60000e-03 8.57843e+05 0
3.68000e-03 4.90196e+05 0
3.76000e-03 3.26797e+05 0
3.84000e-03 2.85948e+05 0
3.92000e-03 6.94444e+05 0
4.00000e-03 6.53595e+05 0
4.08000e-03 3.67647e+05 0
4.16000e-03 1.63399e+05 0
4.24000e-03 2.45098e+05 0
4.32000e-03 4.08497e+05 0
4.40000e-03 2.45098e+05 0
4.48000e-03 3.26797e+05 0
4.56000e-03 1.22549e+05 0
4.64000e-03 3.26797e+05 0
4.72000e-03 2.45098e+05 0
4.80000e-03 3.67647e+05 0
4.88000e-03 8.16993e+04 0
4.96000e-03 4.08497e+05 0
5.04000e-03 4.08497e+05 0
5.12000e-03 1.22549e+05 0
5.20000e-03 2.04248e+05 0
5.28000e-03 2.45098e+05 0
5.36000e-03 8.16993e+04 0
5.44000e-03 8.16993e+04 0
5.52000e-03 1.22549e+05 0
5.60000e-03 2.04248e+05 0
5.68000e-03 4.08497e+04 0
5.76000e-03 2.45098e+05 0
5.84000e-03 2.04248e+05 0
5.92000e-03 1.63399e+05 0
6.00000e-03 8.16993e+04 0
6.08000e-03 2.45098e+05 0
6.16000e-03 2.04248e+05 0
6.24000e-03 8.16993e+04 0
6.32000e-03 1.63399e+05 0
6.40000e-03 8.16993e+04 0
6.48000e-03 1.22549e+05 0
6.56000e-03 1.63399e+05 0
6.64000e-03 3.26797e+05 0
6.72000e-03 1.63399e+05 0
6.80000e-03 8.16993e+04 0
6.88000e-03 4.08497e+04 0
6.96000e-03 1.22549e+05 0
7.04000e-03 2.04248e+05 0
7.12000e-03 4.08497e+04 0
7.20000e-03 1.63399e+05 0
7.28000e-03 4.08497e+04 0
7.36000e-03 8.16993e+04 0
7.44000e-03 1.22549e+05 0
7.52000e-03 8.16993e+04 0
7.60000e-03 1.22549e+05 0
7.68000e-03 8.16993e+04 0
7.76000e-03 4.08497e+04 0
7.84000e-03 1.22549e+05 0
7.92000e-03 8.16993e+04 0
8.00000e-03 4.08497e+04 0
8.08000e-03 4.08497e+04 0
8.16000e-03 2.04248e+05 0
8.24000e-03 8.16993e+04 0
8.32000e-03 4.08497e+04 0
8.40000e-03 4.08497e+04 0
8.48000e-03 4.08497e+04 0
8.56000e-03 8.16993e+04 0
8.64000e-03 8.16993e+04 0
8.72000e-03 8.16993e+04 0
8.80000e-03 4.08497e+04 0
8.88000e-03 4.08497e+04 0
8.96000e-03 8.16993e+04 0
9.04000e-03 4.08497e+04 0
9.12000e-03 4.08497e+04 0
9.20000e-03 4.08497e+04 0
9.28000e-03 4.08497e+04 0
9.36000e-03 4.08497e+04 0
9.44000e-03 4.08497e+04 0
9.52000e-03 4.08497e+04 0
9.60000e-03 4.08497e+04 0
9.68000e-03 4.08497e+04 0
9.76000e-03 4.08497e+04 0
9.84000e-03 4.08497e+04 0
9.92000e-03 4.08497e+04 0
1.00000e-02 8.16993e+04 0
1.00800e-02 4.08497e+04 0
1.01600e-02 4.08497e+04 0
1.02400e-02 4.08497e+04 0
1.03200e-02 4.08497e+04 0
1.04000e-02 4.08497e+04 0
1.04800e-02 4.08497e+04 0
1.05600e-02 4.08497e+04 0
1.06400e-02 4.08497e+04 0
1.07200e-02 8.16993e+04 0
1.08000e-02 4.08497e+04 0
1.08800e-02 4.08497e+04 0
1.09600e-02 4.08497e+04 0
1.10400e-02 8.16993e+04 0
1.11200e-02 4.08497e+04 0
1.12000e-02 4.08497e+04 0
1.12800e-02 4.08497e+04 0
1.13600e-02 4.08497e+04 0
1.14400e-02 4.08497e+04 0
1.15200e-02 8.16993e+04 0
1.16000e-02 4.08497e+04 0
1.16800e-02 4.08497e+04 0
1.17600e-02 4.08497e+04 0
1.18400e-02 4.08497e+04 0
1.19200e-02 4.08497e+04 0
1.20000e-02 4.08497e+04 0
1.20800e-02 4.08497e+04 0
1.21600e-02 4.08497e+04 0
1.22400e-02 4.08497e+04 0
1.23200e-02 4.08497e+04 0
1.24000e-02 4.08497e+04 0
1.24800e-02 4.08497e+04 0
1.25600e-02 4.08497e+04 0
1.26400e-02 4.08497e+04 0
1.27200e-02 4.08497e+04 0
1.28000e-02 4.08497e+04 0
1.28800e-02 4.08497e+04 0
1.29600e-02 4.08497e+04 0
1.30400e-02 4.08497e+04 0
1.31200e-02 4.08497e+04 0
1.32000e-02 4.08497e+04 0
1.32800e-02 4.08497e+04 0
1.33600e-02 4.08497e+04 0
1.34400e-02 4.08497e+04 0
1.35200e-02 4.08497e+04 0
1.36000e-02 4.08497e+04 0
1.36800e-02 4.08497e+04 0
1.37600e-02 4.08497e+04 0
1.38400e-02 4.08497e+04 0
1.39200e-02 4.08497e+04 0
1.40000e-02 4.08497e+04 0
1.40800e-02 4.08497e+04 0
1.41600e-02 8.16993e+04 0
1.42400e-02 4.08497e+04 0
1.43200e-02 4.08497e+04 0
1.44000e-02 4.08497e+04 0
1.44800e-02 4.08497e+04 0
1.45600e-02 4.08497e+04 0
1.46400e-02 4.08497e+04 0
1.47200e-02 4.08497e+04 0
1.48000e-02 4.08497e+04 0
1.48800e-02 4.08497e+04 0
1.49600e-02 4.08497e+04 0
1.50400e-02 4.08497e+04 0
1.51200e-02 4.08497e+04 0
1.52000e-02 4.08497e+04 0
1.52800e-02 4.08497e+04 0
1.53600e-02 4.08497e+04 0
1.54400e-02 4.08497e+04 0
1.55200e-02 4.08497e+04 0
1.56000e-02 4.08497e+04 0
1.56800e-02 4.08497e+04 0
1.57600e-02 4.08497e+04 0
1.58400e-02 4.08497e+04 0
1.59200e-02 4.08497e+04 0
1.60000e-02 4.08497e+04 0
1.60800e-02 4.08497e+04 0
1.61600e-02 4.08497e+04 0
1.62400e-02 4.08497e+04 0
1.63200e-02 4.08497e+04 0
1.64000e-02 4.08497e+04 0
1.64800e-02 4.08497e+04 0
1.65600e-02 4.08497e+04 0
1.66400e-02 4.08497e+04 0
1.67200e-02 4.08497e+04 0
1.68000e-02 4.08497e+04 0
1.68800e-02 4.08497e+04 0
1.69600e-02 4.08497e+04 0
1.70400e-02 4.08497e+04 0
1.71200e-02 4.08497e+04 0
1.72000e-02 4.08497e+04 0
1.72800e-02 4.08497e+04 0
1.73600e-02 8.16993e+04 0
1.74400e-02 4.08497e+04 0
1.75200e-02 4.08497e+04 0
1.76000e-02 4.08497e+04 0
1.76800e-02 4.08497e+04 0
1.77600e-02 4.08497e+04 0
1.78400e-02 4.08497e+04 0
1.79200e-02 4.08497e+04 0
1.80000e-02 4.08497e+04 0
1.80800e-02 4.08497e+04 0
1.81600e-02 4.08497e+04 0
1.82400e-02 4.08497e+04 0
1.83200e-02 4.08497e+04 0
1.84000e-02 4.08497e+04 0
1.84800e-02 4.08497e+04 0
1.85600e-02 4.08497e+04 0
1.86400e-02 4.08497e+04 0
1.87200e-02 4.08497e+04 0
1.88000e-02 4.08497e+04 0
1.88800e-02 4.08497e+04 0
1.89600e-02 4.08497e+04 0
1.90400e-02 4.08497e+04 0
1.91200e-02 4.08497e+04 0
1.92000e-02 4.08497e+04 0
1.92800e-02 4.08497e+04 0
1.93600e-02 4.08497e+04 0
1.94400e-02 4.08497e+04 0
1.95200e-02 4.08497e+04 0
1.96000e-02 4.08497e+04 0
1.96800e-02 4.08497e+04 0
1.97600e-02 4.08497e+04 0
1.98400e-02 4.08497e+04 0
2.00000e-02 8.39689e+03 1
2.03971e-02 7.63275e+03 1
2.08020e-02 6.94230e+03 1
2.12150e-02 6.31821e+03 1
2.16362e-02 5.75388e+03 1
2.20657e-02 5.24340e+03 1
2.25038e-02 4.78144e+03 1
2.29505e-02 4.36320e+03 1
2.34062e-02 3.98438e+03 1
2.38708e-02 3.64111e+03 1
2.43448e-02 3.32989e+03 1
2.48281e-02 3.04760e+03 1
2.53210e-02 2.79142e+03 1
2.58237e-02 2.55879e+03 1
2.63363e-02 2.34744e+03 1
2.68592e-02 2.15531e+03 1
2.73924e-02 1.98055e+03 1
2.79363e-02 1.82148e+03 1
2.84909e-02 1.67661e+03 1
2.90565e-02 1.54459e+03 1
2.96333e-02 1.42418e+03 1
3.02217e-02 1.31430e+03 1
3.08216e-02 1.21395e+03 1
3.14335e-02 1.12223e+03 1
3.20576e-02 1.03835e+03 1
3.26940e-02 9.61568e+02 1
3.33431e-02 8.91236e+02 1
3.40051e-02 8.26759e+02 1
3.46802e-02 7.67601e+02 1
3.53687e-02 7.13280e+02 1
3.60708e-02 6.63358e+02 1
3.67869e-02 6.17441e+02 1
3.75173e-02 5.75171e+02 1
3.82621e-02 5.36225e+02 1
3.90217e-02 5.00312e+02 1
3.97964e-02 4.67166e+02 1
4.05865e-02 4.36548e+02 1
4.13922e-02 4.08239e+02 1
4.22140e-02 3.82044e+02 1
4.30521e-02 3.57783e+02 1
4.39068e-02 3.35295e+02 1
4.47784e-02 3.14431e+02 1
4.56674e-02 2.95058e+02 1
4.65741e-02 2.77054e+02 1
4.74987e-02 2.60308e+02 1
4.84417e-02 2.44720e+02 1
4.94034e-02 2.30198e+02 1
5.03842e-02 2.16657e+02 1
5.13845e-02 2.04023e+02 1
5.24046e-02 1.92224e+02 1
5.34450e-02 1.81197e+02 1
5.45060e-02 1.70885e+02 1
5.55881e-02 1.61233e+02 1
5.66917e-02 1.52194e+02 1
5.78172e-02 1.43722e+02 1
5.89650e-02 1.35776e+02 1
6.01357e-02 1.28320e+02 1
6.13295e-02 1.21318e+02 1
6.25471e-02 1.14738e+02 1
6.37888e-02 1.08552e+02 1
6.50552e-02 1.02733e+02 1
6.63468e-02 9.72560e+01 1
6.76639e-02 9.20978e+01 1
6.90073e-02 8.72377e+01 1
7.03773e-02 8.26560e+01 1
7.17745e-02 7.83349e+01 1
7.31994e-02 7.42576e+01 1
7.46526e-02 7.04087e+01 1
7.61347e-02 6.67738e+01 1
7.76462e-02 6.33398e+01 1
7.91877e-02 6.00941e+01 1
8.07598e-02 5.70255e+01 1
8.23631e-02 5.41231e+01 1
8.39983e-02 5.13771e+01 1
8.56659e-02 4.87782e+01 1
8.73666e-02 4.63178e+01 1
8.91011e-02 4.39877e+01 1
9.08700e-02 4.17806e+01 1
9.26740e-02 3.96893e+01 1
9.45139e-02 3.77073e+01 1
9.63902e-02 3.58284e+01 1
9.83039e-02 3.40468e+01 1
1.00255e-01 3.23572e+01 1
1.02246e-01 3.07544e+01 1
1.04276e-01 2.92337e+01 1
1.06346e-01 2.77906e+01 1
1.08457e-01 2.64210e+01 1
1.10610e-01 2.51208e+01 1
1.12806e-01 2.38863e+01 1
1.15046e-01 2.27141e+01 1
1.17330e-01 2.16009e+01 1
1.19659e-01 2.05435e+01 1
1.22035e-01 1.95390e+01 1
1.24457e-01 1.85846e+01 1
1.26928e-01 1.76778e+01 1
1.29448e-01 1.68161e+01 1
1.32018e-01 1.59971e+01 1
1.34639e-01 1.52187e+01 1
1.37312e-01 1.44788e+01 1
1.40038e-01 1.37754e+01 1
1.42818e-01 1.31066e+01 1
1.45654e-01 1.24708e+01 1
1.48545e-01 1.18661e+01 1
1.51494e-01 1.12912e+01 1
1.54502e-01 1.07444e+01 1
1.57569e-01 1.02244e+01 1
1.60697e-01 9.72984e+00 1
1.63888e-01 9.25941e+00 1
1.67141e-01 8.81193e+00 1
1.70460e-01 8.38626e+00 1
1.73844e-01 7.98132e+00 1
1.77295e-01 7.59609e+00 1
1.80815e-01 7.22958e+00 1
1.84405e-01 6.88087e+00 1
1.88066e-01 6.54909e+00 1
1.91799e-01 6.23341e+00 1
1.95607e-01 5.93303e+00 1
1.99490e-01 5.64720e+00 1
2.03451e-01 5.37521e+00 1
2.07490e-01 5.11639e+00 1
2.11609e-01 4.87008e+00 1
2.15810e-01 4.63569e+00 1
2.20095e-01 4.41262e+00 1
2.24464e-01 4.20032e+00 1
2.28920e-01 3.99828e+00 1
2.33465e-01 3.80599e+00 1
2.38100e-01 3.62297e+00 1
2.42827e-01 3.44878e+00 1
2.47648e-01 3.28299e+00 1
2.52565e-01 3.12519e+00 1
2.57579e-01 2.97500e+00 1
2.62692e-01 2.83204e+00 1
2.67908e-01 2.69597e+00 1
2.73226e-01 2.56645e+00 1
2.78651e-01 2.44316e+00 1
2.84183e-01 2.32581e+00 1
2.89825e-01 2.21410e+00 1
2.95578e-01 2.10777e+00 1
3.01446e-01 2.00655e+00 1
3.07431e-01 1.91020e+00 1
3.13534e-01 1.81848e+00 1
3.19759e-01 1.73118e+00 1
3.26107e-01 1.64807e+00 1
3.32581e-01 1.56895e+00 1
3.39184e-01 1.49364e+00 1
3.45918e-01 1.42194e+00 1
3.52785e-01 1.35369e+00 1
3.59789e-01 1.28872e+00 1
3.66932e-01 1.22687e+00 1
3.74217e-01 1.16799e+00 1
3.81646e-01 1.11194e+00 1
3.89223e-01 1.05858e+00 1
3.96950e-01 1.00779e+00 1
4.04831e-01 9.59430e-01 1
4.12868e-01 9.13394e-01 1
4.21064e-01 8.69568e-01 1
4.29424e-01 8.27846e-01 1
4.37949e-01 7.88128e-01 1
4.46643e-01 7.50315e-01 1
4.55511e-01 7.14318e-01 1
4.64554e-01 6.80048e-01 1
4.73777e-01 6.47424e-01 1
4.83182e-01 6.16365e-01 1
4.92775e-01 5.86796e-01 1
5.02558e-01 5.58647e-01 1
5.12535e-01 5.31848e-01 1
5.22711e-01 5.06335e-01 1
5.33088e-01 4.82047e-01 1
5.43671e-01 4.58923e-01 1
5.54465e-01 4.36910e-01 1
5.65472e-01 4.15952e-01 1
5.76699e-01 3.96000e-01 1
5.88148e-01 3.77006e-01 1
5.99824e-01 3.58922e-01 1
6.11733e-01 3.41706e-01 1
6.23877e-01 3.25316e-01 1
6.36263e-01 3.09713e-01 1
6.48895e-01 2.94858e-01 1
6.61777e-01 2.80715e-01 1
6.74915e-01 2.67251e-01 1
6.88314e-01 2.54433e-01 1
7.01979e-01 2.42229e-01 1
7.15916e-01 2.30611e-01 1
7.30129e-01 2.19551e-01 1
7.44624e-01 2.09021e-01 1
7.59407e-01 1.98996e-01 1
7.74483e-01 1.89451e-01 1
7.89859e-01 1.80365e-01 1
8.05540e-01 1.71715e-01 1
8.21532e-01 1.63479e-01 1
8.37842e-01 1.55638e-01 1
8.54476e-01 1.48174e-01 1
8.71439e-01 1.41067e-01 1
8.88740e-01 1.34302e-01 1
9.06384e-01 1.27861e-01 1
9.24379e-01 1.21728e-01 1
9.42730e-01 1.15890e-01 1
9.61446e-01 1.10332e-01 1
9.80534e-01 1.05041e-01 1
1.00000e+00 1.00003e-01 1
1.00000e+00 1.00003e-01 1
2.00000e+00 1.76777e-02 1
3.00000e+00 6.41501e-03 1
4.00000e+00 3.12500e-03 1
5.00000e+00 1.78885e-03 1
6.00000e+00 1.13402e-03 1
7.00000e+00 7.71356e-04 1
8.00000e+00 5.52427e-04 1
9.00000e+00 4.11523e-04 1
1.00000e+01 3.16228e-04 1
1.10000e+01 2.49183e-04 1
1.20000e+01 2.00469e-04 1
1.30000e+01 1.64112e-04 1
1.40000e+01 1.36358e-04 1
1.50000e+01 1.14755e-04 1
1.60000e+01 9.76563e-05 1
1.70000e+01 8.39224e-05 1
1.80000e+01 7.27476e-05 1
1.90000e+01 6.35501e-05 1
2.00000e+01 5.59017e-05 1
2.10000e+01 4.94825e-05 1
2.20000e+01 4.40497e-05 1
2.30000e+01 3.94167e-05 1
2.40000e+01 3.54382e-05 1
2.50000e+01 3.20000e-05 1
2.60000e+01 2.90113e-05 1
2.70000e+01 2.63992e-05 1
2.80000e+01 2.41049e-05 1
2.90000e+01 2.20803e-05 1
3.00000e+01 2.02860e-05 1
3.10000e+01 1.86894e-05 1
3.20000e+01 1.72633e-05 1
3.30000e+01 1.59851e-05 1
3.40000e+01 1.48355e-05 1
3.50000e+01 1.37984e-05 1
3.60000e+01 1.28601e-05 1
3.70000e+01 1.20087e-05 1
3.80000e+01 1.12342e-05 1
3.90000e+01 1.05278e-05 1
4.00000e+01 9.88212e-06 1
4.10000e+01 9.29053e-06 1
4.20000e+01 8.74736e-06 1
4.30000e+01 8.24762e-06 1
4.40000e+01 7.78697e-06 1
4.50000e+01 7.36154e-06 1
4.60000e+01 6.96796e-06 1
4.70000e+01 6.60321e-06 1
4.80000e+01 6.26465e-06 1
4.90000e+01 5.94990e-06 1
5.00000e+01 5.65685e-06 1
5.10000e+01 5.38362e-06 1
5.20000e+01 5.12852e-06 1
5.30000e+01 4.89002e-06 1
5.40000e+01 4.66676e-06 1
5.50000e+01 4.45752e-06 1
5.60000e+01 4.26118e-06 1
5.70000e+01 4.07674e-06 1
5.80000e+01 3.90328e-06 1
5.90000e+01 3.73999e-06 1
6.00000e+01 3.58610e-06 1
6.10000e+01 3.44093e-06 1
6.20000e+01 3.30385e-06 1
6.30000e+01 3.17430e-06 1
6.40000e+01 3.05176e-06 1
6.50000e+01 2.93573e-06 1
6.60000e+01 2.82579e-06 1
6.70000e+01 2.72153e-06 1
6.80000e+01 2.62257e-06 1
6.90000e+01 2.52858e-06 1
7.00000e+01 2.43924e-06 1
7.10000e+01 2.35426e-06 1
7.20000e+01 2.27336e-06 1
7.30000e+01 2.19631e-06 1
7.40000e+01 2.12286e-06 1
7.50000e+01 2.05280e-06 1
7.60000e+01 1.98594e-06 1
7.70000e+01 1.92209e-06 1
7.80000e+01 1.86107e-06 1
7.90000e+01 1.80274e-06 1
8.00000e+01 1.74693e-06 1
8.10000e+01 1.69351e-06 1
8.20000e+01 1.64235e-06 1
8.30000e+01 1.59333e-06 1
8.40000e+01 1.54633e-06 1
8.50000e+01 1.50125e-06 1
8.60000e+01 1.45799e-06 1
8.70000e+01 1.41645e-06 1
8.80000e+01 1.37655e-06 1
8.90000e+01 1.33821e-06 1
9.00000e+01 1.30135e-06 1
9.10000e+01 1.26589e-06 1
9.20000e+01 1.23177e-06 1
9.30000e+01 1.19893e-06 1
9.40000e+01 1.16729e-06 1
9.50000e+01 1.13682e-06 1
9.60000e+01 1.10744e-06 1
9.70000e+01 1.07912e-06 1
9.80000e+01 1.05180e-06 1
9.90000e+01 1.02544e-06 1
