1.00000e-05 inf
1.21648e-05 inf
1.47983e-05 inf
1.80019e-05 inf
2.18991e-05 inf
2.66399e-05 inf
3.24070e-05 inf
3.94225e-05 inf
4.79569e-05 inf
5.83388e-05 inf
7.09682e-05 2.67979e-17
8.63317e-05 3.63329e-19
1.05021e-04 4.43225e-20
1.27756e-04 9.66227e-21
1.55414e-04 2.76965e-21
1.89058e-04 9.49691e-22
2.29986e-04 3.67015e-22
2.79775e-04 1.53104e-22
3.40341e-04 6.75290e-23
4.14020e-04 3.09168e-23
5.03649e-04 1.45310e-23
6.12680e-04 6.88369e-24
7.45316e-04 3.25830e-24
9.06665e-04 1.51395e-24
1.10294e-03 6.85453e-25
1.34171e-03 3.01366e-25
1.63217e-03 1.28545e-25
1.98551e-03 5.37948e-26
2.41534e-03 2.17189e-26
2.93823e-03 8.65596e-27
3.57430e-03 3.37091e-27
4.34808e-03 1.30722e-27
5.28937e-03 4.99705e-28
6.43444e-03 1.91866e-28
7.82739e-03 7.37274e-29
9.52190e-03 2.91398e-29
1.15832e-02 1.16065e-29
1.40908e-02 4.86988e-30
1.71413e-02 2.17300e-30
2.08521e-02 1.05040e-30
2.53662e-02 5.73313e-31
3.08576e-02 3.25300e-31
3.75377e-02 6.93156e-32
4.56641e-02 1.08410e-32
5.55496e-02 2.28680e-33
6.75752e-02 7.00394e-34
8.22041e-02 2.24346e-34
1.00000e-01 1.22935e-34
1.23285e-01 7.90250e-35
1.51991e-01 5.44538e-35
1.87382e-01 3.31514e-35
2.31013e-01 3.09795e-35
2.84804e-01 2.47322e-35
3.51119e-01 2.57866e-35
4.32876e-01 2.60223e-35
5.33670e-01 2.50284e-35
6.57933e-01 2.59736e-35
8.11131e-01 2.63238e-35
1.00000e+00 2.64884e-35
