1.00000e-05 inf
1.21648e-05 inf
1.47983e-05 inf
1.80019e-05 inf
2.18991e-05 inf
2.66399e-05 inf
3.24070e-05 inf
3.94225e-05 inf
4.79569e-05 inf
5.83388e-05 inf
7.09682e-05 inf
8.63317e-05 inf
1.05021e-04 inf
1.27756e-04 inf
1.55414e-04 inf
1.89058e-04 4.92901e-02
2.29986e-04 1.60968e-04
2.79775e-04 3.26568e-06
3.40341e-04 1.23819e-07
4.14020e-04 6.59123e-09
5.03649e-04 4.29005e-10
6.12680e-04 3.18571e-11
7.45316e-04 2.60202e-12
9.06665e-04 2.27270e-13
1.10294e-03 2.06352e-14
1.34171e-03 1.94000e-15
1.63217e-03 1.84969e-16
1.98551e-03 1.80871e-17
2.41534e-03 1.73909e-18
2.93823e-03 1.63292e-19
3.57430e-03 1.49636e-20
4.34808e-03 1.33596e-21
5.28937e-03 1.15283e-22
6.43444e-03 9.83378e-24
7.82739e-03 8.21565e-25
9.52190e-03 6.93533e-26
1.15832e-02 6.07984e-27
1.40908e-02 5.76826e-28
1.71413e-02 6.29618e-29
2.08521e-02 8.72697e-30
2.53662e-02 1.50570e-30
3.08576e-02 3.41807e-31
3.75377e-02 2.68100e-32
4.56641e-02 2.22871e-33
5.55496e-02 3.75866e-34
6.75752e-02 1.04298e-34
8.22041e-02 4.81495e-35
1.00000e-01 2.25152e-35
1.23285e-01 9.58012e-36
1.51991e-01 3.83220e-36
1.87382e-01 2.58424e-36
2.31013e-01 1.95108e-36
2.84804e-01 1.69882e-36
3.51119e-01 1.38500e-36
4.32876e-01 1.26617e-36
5.33670e-01 1.00669e-36
6.57933e-01 8.02509e-37
8.11131e-01 6.97348e-37
1.00000e+00 5.27577e-37
