1.00000e-05 inf
1.21648e-05 inf
1.47983e-05 inf
1.80019e-05 inf
2.18991e-05 inf
2.66399e-05 inf
3.24070e-05 inf
3.94225e-05 inf
4.79569e-05 1.47288e-20
5.83388e-05 3.84554e-22
7.09682e-05 4.91621e-23
8.63317e-05 1.14119e-23
1.05021e-04 4.06045e-29
1.27756e-04 3.55147e-30
1.55414e-04 1.15734e-30
1.89058e-04 6.51443e-31
2.29986e-04 5.37316e-31
2.79775e-04 5.12362e-31
3.40341e-04 5.38515e-31
4.14020e-04 5.87764e-31
5.03649e-04 6.47808e-31
6.12680e-04 7.19070e-31
7.45316e-04 7.05290e-31
9.06665e-04 6.27870e-31
1.10294e-03 5.00615e-31
1.34171e-03 4.07885e-31
1.63217e-03 3.28367e-31
1.98551e-03 2.67171e-31
2.41534e-03 2.14733e-31
2.93823e-03 1.84076e-31
3.57430e-03 1.50582e-31
4.34808e-03 1.25339e-31
5.28937e-03 1.07748e-31
6.43444e-03 9.01198e-32
7.82739e-03 7.78081e-32
9.52190e-03 6.89892e-32
1.15832e-02 6.35284e-32
1.40908e-02 5.94832e-32
1.71413e-02 6.11470e-32
2.08521e-02 6.45008e-32
2.53662e-02 7.47639e-32
3.08576e-02 9.15586e-32
3.75377e-02 4.35317e-32
4.56641e-02 1.59804e-32
5.55496e-02 5.71926e-33
6.75752e-02 1.94128e-33
8.22041e-02 1.01541e-33
1.00000e-01 5.75944e-34
