1.00000e-05 inf
1.24520e-05 inf
1.55052e-05 inf
1.93070e-05 inf
2.40410e-05 inf
2.99358e-05 inf
3.72759e-05 inf
4.64159e-05 inf
5.77969e-05 inf
7.19686e-05 inf
8.96151e-05 inf
1.11588e-04 inf
1.38950e-04 inf
1.73020e-04 inf
2.15443e-04 1.44316e+03
2.68270e-04 1.60331e+00
3.34048e-04 8.67319e-03
4.15956e-04 8.55164e-05
5.17947e-04 1.14358e-06
6.44947e-04 1.85563e-08
8.03086e-04 3.38879e-10
1.00000e-03 6.72336e-12
1.24520e-03 1.43664e-13
1.55052e-03 3.25827e-15
1.93070e-03 8.12630e-17
2.40410e-03 2.19213e-18
2.99358e-03 6.31725e-20
3.72759e-03 1.95474e-21
4.64159e-03 6.33293e-23
5.77969e-03 2.07401e-24
7.19686e-03 6.77427e-26
8.96151e-03 2.20683e-27
1.11588e-02 7.44985e-29
1.38950e-02 2.78900e-30
1.73020e-02 1.28552e-31
2.15443e-02 9.41686e-33
2.68270e-02 7.95917e-34
3.34048e-02 7.80391e-35
4.15956e-02 2.00597e-36
5.17947e-02 1.24945e-37
6.44947e-02 1.84182e-38
8.03086e-02 4.58911e-39
1.00000e-01 1.22650e-39
1.24520e-01 3.06835e-40
1.55052e-01 8.97951e-41
1.93070e-01 4.39506e-41
2.40410e-01 2.38538e-41
2.99358e-01 1.52306e-41
3.72759e-01 7.68717e-42
4.64159e-01 5.21556e-42
5.77969e-01 2.89526e-42
7.19686e-01 1.55369e-42
8.96151e-01 9.11192e-43
1.11588e+00 6.29986e-43
1.38950e+00 4.68930e-43
1.73020e+00 3.66841e-43
2.15443e+00 3.01724e-43
2.68270e+00 2.70968e-43
3.34048e+00 2.63466e-43
4.15956e+00 2.73439e-43
5.17947e+00 3.03157e-43
6.44947e+00 3.46588e-43
8.03086e+00 4.07609e-43
1.00000e+01 4.94491e-43
