1.00000e-02 3.25085e-25
1.22168e-02 2.35752e-26
1.49250e-02 1.91615e-27
1.82335e-02 2.19783e-28
2.22754e-02 2.82849e-29
2.72134e-02 4.57653e-30
3.32460e-02 8.64011e-31
4.06159e-02 4.18257e-32
4.96195e-02 4.19294e-33
6.06190e-02 9.33799e-34
7.40568e-02 3.25497e-34
9.04736e-02 1.53496e-34
1.10530e-01 5.67954e-35
1.35031e-01 2.19757e-35
1.64965e-01 1.29032e-35
2.01534e-01 9.23586e-36
2.46209e-01 7.65753e-36
3.00788e-01 6.56137e-36
3.67466e-01 5.70741e-36
4.48925e-01 4.86741e-36
5.48442e-01 3.84315e-36
6.70019e-01 2.74906e-36
8.18547e-01 2.16022e-36
1.00000e+00 1.63543e-36
