1.00000e-03 inf
1.21819e-03 inf
1.48398e-03 inf
1.80777e-03 inf
2.20220e-03 inf
2.68270e-03 inf
3.26803e-03 inf
3.98107e-03 inf
4.84969e-03 inf
5.90784e-03 inf
7.19686e-03 inf
8.76712e-03 inf
1.06800e-02 inf
1.30103e-02 inf
1.58489e-02 inf
1.93070e-02 inf
2.35195e-02 4.91113e-26
2.86512e-02 2.83766e-28
3.49025e-02 1.16770e-29
4.25179e-02 1.30852e-30
5.17947e-02 2.65836e-31
6.30957e-02 8.77403e-32
7.68625e-02 3.64170e-32
9.36329e-02 1.92535e-32
1.14062e-01 1.10688e-32
1.38950e-01 8.58472e-33
1.69267e-01 7.54797e-33
2.06199e-01 7.04992e-33
2.51189e-01 7.00417e-33
3.05995e-01 7.18001e-33
3.72759e-01 7.48891e-33
4.54091e-01 7.82326e-33
5.53168e-01 8.15776e-33
6.73863e-01 8.45469e-33
8.20891e-01 8.65997e-33
1.00000e+00 8.76647e-33
