1.00000e-02 4.26667e-23
1.22168e-02 4.34950e-24
1.49250e-02 4.82840e-25
1.82335e-02 7.43175e-26
2.22754e-02 1.20500e-26
2.72134e-02 2.47392e-27
3.32460e-02 6.79359e-28
4.06159e-02 8.78922e-29
4.96195e-02 1.01223e-29
6.06190e-02 2.10576e-30
7.40568e-02 7.18741e-31
9.04736e-02 3.25101e-31
1.10530e-01 1.96339e-31
1.35031e-01 1.22632e-31
1.64965e-01 6.71860e-32
2.01534e-01 4.43360e-32
2.46209e-01 3.32538e-32
3.00788e-01 2.57990e-32
3.67466e-01 2.03643e-32
4.48925e-01 1.67329e-32
5.48442e-01 1.51461e-32
6.70019e-01 1.21141e-32
8.18547e-01 9.34097e-33
1.00000e+00 7.35289e-33
