1.00000e-03 inf
1.21819e-03 inf
1.48398e-03 3.33440e-34
1.80777e-03 2.96388e-36
2.20220e-03 3.01790e-37
2.68270e-03 7.32746e-38
3.26803e-03 2.75948e-38
3.98107e-03 1.39999e-38
4.84969e-03 8.88385e-39
5.90784e-03 6.16090e-39
7.19686e-03 4.79028e-39
8.76712e-03 4.21932e-39
1.06800e-02 3.94386e-39
1.30103e-02 3.71014e-39
1.58489e-02 3.71786e-39
1.93070e-02 3.98120e-39
2.35195e-02 4.20783e-39
2.86512e-02 4.74926e-39
3.49025e-02 5.23089e-39
4.25179e-02 6.01850e-39
5.17947e-02 6.95767e-39
6.30957e-02 8.21102e-39
7.68625e-02 9.58507e-39
9.36329e-02 1.16080e-38
1.14062e-01 1.33915e-38
1.38950e-01 1.62406e-38
1.69267e-01 1.96557e-38
2.06199e-01 2.36425e-38
2.51189e-01 2.80882e-38
3.05995e-01 3.41715e-38
3.72759e-01 4.11833e-38
4.54091e-01 5.01198e-38
5.53168e-01 5.96560e-38
6.73863e-01 7.37574e-38
8.20891e-01 9.16015e-38
1.00000e+00 1.08477e-37
