3.00000e-05 inf
3.47395e-05 inf
4.02278e-05 inf
4.65831e-05 inf
5.39425e-05 inf
6.24646e-05 inf
7.23330e-05 8.84869e-12
8.37604e-05 2.53926e-13
9.69932e-05 2.01604e-14
1.12317e-04 2.51890e-15
1.30061e-04 4.62250e-16
1.50608e-04 9.83699e-17
1.74402e-04 2.11328e-17
2.01955e-04 5.18624e-18
2.33860e-04 1.32086e-18
2.70806e-04 3.56511e-19
3.13590e-04 9.44790e-20
3.63132e-04 2.73249e-20
4.20501e-04 7.46975e-21
4.86933e-04 2.27526e-21
5.63860e-04 6.77153e-22
6.52941e-04 1.93570e-22
7.56095e-04 6.01663e-23
8.75546e-04 1.75384e-23
1.01387e-03 5.34932e-24
1.17404e-03 1.57913e-24
1.35952e-03 4.61921e-25
1.57431e-03 1.30608e-25
1.82302e-03 4.02272e-26
2.11103e-03 1.16757e-26
2.44454e-03 3.67677e-27
2.83074e-03 1.19109e-27
3.27795e-03 3.67817e-28
3.79581e-03 1.19567e-28
4.39549e-03 4.14333e-29
5.08990e-03 1.42372e-29
5.89402e-03 4.77806e-30
6.82518e-03 1.75775e-30
7.90345e-03 6.19517e-31
9.15207e-03 2.36505e-31
1.05980e-02 8.72602e-32
1.22723e-02 3.43561e-32
1.42111e-02 1.43783e-32
1.64562e-02 5.85259e-33
1.90560e-02 2.52676e-33
2.20666e-02 1.19074e-33
2.55527e-02 6.01445e-34
2.95896e-02 3.08461e-34
3.42643e-02 1.50240e-34
3.96775e-02 7.00785e-35
4.59459e-02 2.85732e-35
5.32047e-02 1.08922e-35
6.16101e-02 4.63449e-36
7.13435e-02 2.35165e-36
8.26147e-02 1.30359e-36
9.56665e-02 6.80015e-37
1.10780e-01 4.42894e-37
1.28282e-01 2.73650e-37
1.48548e-01 1.65323e-37
1.72016e-01 1.26650e-37
1.99192e-01 9.73453e-38
2.30661e-01 7.72455e-38
2.67102e-01 6.30100e-38
3.09300e-01 5.16116e-38
3.58164e-01 4.30676e-38
4.14749e-01 3.64953e-38
4.80272e-01 3.10454e-38
5.56147e-01 2.65135e-38
6.44010e-01 2.28108e-38
7.45753e-01 1.97236e-38
8.63570e-01 1.70872e-38
1.00000e+00 1.48721e-38
