1.65668e-1 4.06493e-36
1.80905e-1 2.17785e-36
2.01139e-1 9.79251e-37
2.21129e-1 5.44258e-37
2.48652e-1 2.56162e-37
2.73364e-1 1.55849e-37
3.03941e-1 9.31792e-38
3.30400e-1 6.54583e-38
3.58352e-1 4.70776e-38
4.02955e-1 2.75112e-38
4.43002e-1 1.79473e-38
4.90421e-1 1.13380e-38
5.35431e-1 7.48366e-39
5.82041e-1 5.21719e-39
6.53010e-1 2.94106e-39
7.17908e-1 1.90354e-39
7.92825e-1 1.19770e-39
8.67695e-1 7.71191e-40
9.43229e-1 5.18786e-40
1.05348e+0 2.80574e-40
1.15817e+0 1.68691e-40
1.28275e+0 9.42993e-41
1.39352e+0 6.01814e-41
1.52236e+0 3.70019e-41
1.68426e+0 2.21009e-41
1.85165e+0 1.44273e-41
2.06700e+0 8.83820e-42
2.23798e+0 6.54467e-42
2.43280e+0 4.84121e-42
2.74178e+0 3.11090e-42
3.01427e+0 2.31039e-42
3.26660e+0 1.82811e-42
3.64317e+0 1.34766e-42
4.00524e+0 1.06944e-42
4.33822e+0 8.93512e-43
4.84091e+0 7.28792e-43
5.32201e+0 6.22712e-43
5.70752e+0 5.71497e-43
6.46150e+0 4.77946e-43
7.10366e+0 4.33300e-43
7.65268e+0 4.09118e-43
8.74215e+0 3.69987e-43
9.56770e+0 3.54775e-43
