5.19583e-2 6.39183e-41
5.57220e-2 3.39341e-41
5.94893e-2 1.91353e-41
6.39426e-2 1.07906e-41
6.93523e-2 6.01506e-42
7.59016e-2 3.41567e-42
8.34449e-2 2.06310e-42
9.17379e-2 1.35720e-42
1.00855e-1 1.00480e-42
1.10878e-1 8.24245e-43
1.21898e-1 7.38935e-43
1.34012e-1 6.97352e-43
1.47331e-1 6.76111e-43
1.61973e-1 6.57677e-43
1.78070e-1 6.46092e-43
1.95767e-1 6.59844e-43
2.15223e-1 6.87780e-43
2.36613e-1 7.32640e-43
2.60128e-1 7.84029e-43
2.85980e-1 8.37368e-43
3.14402e-1 8.88469e-43
3.45648e-1 9.64753e-43
3.80000e-1 1.05898e-42
4.17765e-1 1.14019e-42
4.59284e-1 1.23227e-42
5.04929e-1 1.30661e-42
5.55110e-1 1.33267e-42
6.10278e-1 1.33706e-42
6.70930e-1 1.33179e-42
7.37608e-1 1.29037e-42
8.10914e-1 1.24986e-42
8.91505e-1 1.17498e-42
9.80105e-1 1.10473e-42
1.07751e+0 1.01147e-42
1.18460e+0 9.14455e-43
1.30233e+0 8.41789e-43
1.43175e+0 7.69206e-43
1.57405e+0 7.01034e-43
1.73048e+0 6.42276e-43
1.90246e+0 5.97498e-43
2.09153e+0 5.58261e-43
2.29939e+0 5.27540e-43
2.52792e+0 4.97198e-43
2.77915e+0 4.69219e-43
3.05535e+0 4.41650e-43
3.35900e+0 4.18996e-43
3.69282e+0 3.95678e-43
4.05983e+0 3.72668e-43
4.46330e+0 3.52863e-43
4.90688e+0 3.33971e-43
5.39454e+0 3.11999e-43
5.93066e+0 2.92317e-43
6.52007e+0 2.77385e-43
7.16805e+0 2.60119e-43
7.88043e+0 2.41676e-43
8.66361e+0 2.21524e-43
9.42626e+0 2.11716e-43
1.00093e+1 2.02115e-43
