5.24293e-2 1.04147e-36
5.76398e-2 6.38372e-37
6.39426e-2 3.74495e-37
6.96660e-2 2.43344e-37
7.53896e-2 1.69995e-37
8.42013e-2 9.76873e-38
9.25694e-2 6.47299e-38
1.02194e-1 4.28758e-38
1.11883e-1 2.98311e-38
1.22725e-1 2.11524e-38
1.39566e-1 1.26954e-38
1.53437e-1 8.90734e-39
1.68451e-1 6.18549e-39
1.85450e-1 4.11148e-39
2.03880e-1 2.80784e-39
2.31335e-1 1.61155e-39
2.54325e-1 1.09990e-39
2.79990e-1 7.31458e-40
3.07389e-1 5.07347e-40
3.37938e-1 3.58174e-40
3.86920e-1 2.12671e-40
4.25373e-1 1.53437e-40
4.66068e-1 1.10646e-40
5.14124e-1 7.85537e-41
5.65219e-1 5.68695e-41
6.30377e-1 3.90235e-41
6.83148e-1 2.98841e-41
7.49349e-1 2.21628e-41
8.56029e-1 1.42386e-41
9.41104e-1 1.07952e-41
1.01989e+0 8.40694e-42
1.13746e+0 6.20490e-42
1.25050e+0 4.75927e-42
1.36120e+0 3.79649e-42
1.51141e+0 2.92812e-42
1.66162e+0 2.34254e-42
1.79949e+0 1.99675e-42
2.00830e+0 1.60869e-42
2.20789e+0 1.35924e-42
2.36249e+0 1.23092e-42
2.66856e+0 1.01147e-42
2.93376e+0 8.75697e-43
3.15338e+0 7.99712e-43
3.46678e+0 6.99653e-43
3.81131e+0 6.09354e-43
4.19009e+0 5.41943e-43
4.61345e+0 4.97266e-43
5.06433e+0 4.42723e-43
5.56763e+0 4.16809e-43
6.12096e+0 3.79139e-43
6.72928e+0 3.49619e-43
7.39805e+0 3.34904e-43
8.13880e+0 3.12448e-43
8.94160e+0 2.86503e-43
9.69808e+0 2.77955e-43
