1.61942e-1 2.17278e-40
1.78172e-1 8.91818e-41
1.96436e-1 3.75479e-41
2.22498e-1 1.52167e-41
2.48382e-1 7.55880e-42
2.86048e-1 4.26417e-42
3.34943e-1 2.94858e-42
3.92197e-1 2.28621e-42
4.51672e-1 1.88905e-42
5.42222e-1 1.68469e-42
6.56354e-1 1.52167e-42
7.48080e-1 1.32296e-42
8.77774e-1 1.17984e-42
1.07140e+0 1.01280e-42
1.24158e+0 8.69414e-43
1.53127e+0 7.27576e-43
1.96454e+0 5.86079e-43
2.45838e+0 5.09545e-43
3.12790e+0 4.37405e-43
3.81786e+0 3.95080e-43
4.77759e+0 3.47886e-43
6.02844e+0 2.83817e-43
7.92932e+0 2.37515e-43
9.92258e+0 2.03888e-43
