7.30982e-1 6.59932e-40
7.54176e-1 4.75535e-40
7.75140e-1 3.50883e-40
7.96410e-1 2.64670e-40
8.19056e-1 1.97687e-40
8.47829e-1 1.45375e-40
8.76087e-1 1.06726e-40
9.07741e-1 7.92660e-41
9.41853e-1 5.83075e-41
9.80105e-1 4.35423e-41
1.02457e+0 3.39006e-41
1.07751e+0 2.58102e-41
1.13234e+0 1.99240e-41
1.18995e+0 1.56729e-41
1.25050e+0 1.25950e-41
1.31413e+0 1.01410e-41
1.38100e+0 8.28856e-42
1.45127e+0 6.89933e-42
1.52511e+0 5.83753e-42
1.60271e+0 5.00159e-42
1.68426e+0 4.29075e-42
1.76996e+0 3.71812e-42
1.86002e+0 3.23002e-42
1.95467e+0 2.83434e-42
2.05412e+0 2.50596e-42
2.15864e+0 2.24082e-42
2.26848e+0 2.00877e-42
2.38391e+0 1.82353e-42
2.50521e+0 1.67629e-42
2.63268e+0 1.55456e-42
2.76664e+0 1.44167e-42
2.90741e+0 1.34371e-42
3.05535e+0 1.25062e-42
3.21081e+0 1.14265e-42
3.37418e+0 1.04637e-42
3.54587e+0 9.44382e-43
3.72630e+0 8.62334e-43
3.91590e+0 7.88734e-43
4.11515e+0 7.21417e-43
4.32454e+0 6.73244e-43
4.54458e+0 6.25925e-43
4.77583e+0 6.02013e-43
5.01883e+0 5.61813e-43
5.27420e+0 5.29595e-43
5.54257e+0 4.98598e-43
5.82459e+0 4.78948e-43
6.12096e+0 4.47668e-43
6.39520e+0 4.27352e-43
6.62385e+0 4.12430e-43
6.95706e+0 3.95080e-43
7.35822e+0 3.75479e-43
7.68616e+0 3.61419e-43
8.02395e+0 3.38060e-43
8.33765e+0 3.22719e-43
8.65186e+0 3.10251e-43
9.11282e+0 2.94858e-43
9.84051e+0 2.76687e-43
