7.99249e-2 1.41043e-36
8.38186e-2 6.77905e-37
8.79020e-2 3.51119e-37
9.39163e-2 1.58964e-37
1.03718e-1 7.41532e-38
1.13599e-1 4.01695e-38
1.25196e-1 2.38025e-38
1.44399e-1 1.45324e-38
1.70381e-1 9.70539e-39
1.70381e-1 9.85159e-39
2.06089e-1 7.64041e-39
2.41166e-1 6.77905e-39
2.84559e-1 6.38550e-39
3.35758e-1 6.01479e-39
3.86459e-1 5.83759e-39
4.44817e-1 5.83759e-39
5.24851e-1 5.83759e-39
6.45439e-1 6.19738e-39
7.42903e-1 1.09386e-38
8.91196e-1 1.17877e-38
1.07797e+0 1.09386e-38
1.22039e+0 1.07762e-38
1.41634e+0 1.43167e-38
1.70258e+0 1.47513e-38
2.12429e+0 2.01927e-38
2.74530e+0 2.64288e-38
3.24596e+0 2.27585e-38
4.00000e+0 2.76413e-38
4.54724e+0 2.84804e-38
4.98045e+0 3.61778e-38
