# Energy [keV]     dRdE GaAs [1/keV/day]
1.0000e-04 0.0000e+00
3.0000e-04 0.0000e+00
5.0000e-04 0.0000e+00
7.0000e-04 0.0000e+00
9.0000e-04 0.0000e+00
1.1000e-03 0.0000e+00
1.3000e-03 0.0000e+00
1.5000e-03 0.0000e+00
1.7000e-03 0.0000e+00
1.9000e-03 0.0000e+00
2.1000e-03 0.0000e+00
2.3000e-03 0.0000e+00
2.5000e-03 0.0000e+00
2.7000e-03 0.0000e+00
2.9000e-03 0.0000e+00
3.1000e-03 0.0000e+00
3.3000e-03 0.0000e+00
3.5000e-03 0.0000e+00
3.7000e-03 0.0000e+00
3.9000e-03 0.0000e+00
4.1000e-03 0.0000e+00
4.3000e-03 0.0000e+00
4.5000e-03 0.0000e+00
4.7000e-03 0.0000e+00
4.9000e-03 0.0000e+00
5.1000e-03 0.0000e+00
5.3000e-03 0.0000e+00
5.5000e-03 0.0000e+00
5.7000e-03 0.0000e+00
5.9000e-03 0.0000e+00
6.1000e-03 0.0000e+00
6.3000e-03 0.0000e+00
6.5000e-03 0.0000e+00
6.7000e-03 0.0000e+00
6.9000e-03 0.0000e+00
7.1000e-03 0.0000e+00
7.3000e-03 0.0000e+00
7.5000e-03 0.0000e+00
7.7000e-03 0.0000e+00
7.9000e-03 0.0000e+00
8.1000e-03 0.0000e+00
8.3000e-03 0.0000e+00
8.5000e-03 0.0000e+00
8.7000e-03 0.0000e+00
8.9000e-03 0.0000e+00
9.1000e-03 0.0000e+00
9.3000e-03 0.0000e+00
9.5000e-03 0.0000e+00
9.7000e-03 0.0000e+00
9.9000e-03 0.0000e+00
1.0100e-02 3.4351e+01
1.0300e-02 4.2224e+01
1.0500e-02 4.1508e+01
1.0700e-02 3.1489e+01
1.0900e-02 4.2939e+01
1.1100e-02 4.3655e+01
1.1300e-02 3.5783e+01
1.1500e-02 4.0792e+01
1.1700e-02 3.2204e+01
1.1900e-02 4.4371e+01
1.2100e-02 3.0773e+01
1.2300e-02 4.0077e+01
1.2500e-02 3.0773e+01
1.2700e-02 3.3636e+01
1.2900e-02 3.2204e+01
1.3100e-02 2.4332e+01
1.3300e-02 4.0792e+01
1.3500e-02 2.8626e+01
1.3700e-02 3.0058e+01
1.3900e-02 3.2920e+01
1.4100e-02 2.8626e+01
1.4300e-02 3.2920e+01
1.4500e-02 3.4351e+01
1.4700e-02 3.1489e+01
1.4900e-02 3.0058e+01
1.5100e-02 3.2920e+01
1.5300e-02 3.5783e+01
1.5500e-02 3.0058e+01
1.5700e-02 3.2920e+01
1.5900e-02 2.7911e+01
1.6100e-02 4.0077e+01
1.6300e-02 3.9361e+01
1.6500e-02 2.4332e+01
1.6700e-02 2.9342e+01
1.6900e-02 3.7214e+01
1.7100e-02 4.0077e+01
1.7300e-02 3.5067e+01
1.7500e-02 2.2185e+01
1.7700e-02 3.4351e+01
1.7900e-02 3.4351e+01
1.8100e-02 3.7930e+01
1.8300e-02 2.8626e+01
1.8500e-02 3.0058e+01
1.8700e-02 3.1489e+01
1.8900e-02 2.7911e+01
1.9100e-02 2.0038e+01
1.9300e-02 2.2901e+01
1.9500e-02 2.2901e+01
1.9700e-02 1.8607e+01
1.9900e-02 2.0038e+01
2.0100e-02 1.8607e+01
2.0300e-02 1.8607e+01
2.0500e-02 1.0019e+01
2.0700e-02 1.0019e+01
2.0900e-02 1.1450e+01
2.1100e-02 7.1565e+00
2.1300e-02 7.8722e+00
2.1500e-02 7.1565e-01
2.1700e-02 4.2939e+00
2.1900e-02 5.7252e+00
2.2100e-02 4.2939e+00
2.2300e-02 3.5783e+00
2.2500e-02 4.2939e+00
2.2700e-02 2.1470e+00
2.2900e-02 2.1470e+00
2.3100e-02 2.8626e+00
2.3300e-02 5.0096e+00
2.3500e-02 5.0096e+00
2.3700e-02 2.8626e+00
2.3900e-02 0.0000e+00
2.4100e-02 2.1470e+00
2.4300e-02 4.2939e+00
2.4500e-02 2.8626e+00
2.4700e-02 2.1470e+00
2.4900e-02 2.1470e+00
2.5100e-02 1.4313e+00
2.5300e-02 7.1565e-01
2.5500e-02 0.0000e+00
2.5700e-02 2.1470e+00
2.5900e-02 1.4313e+00
2.6100e-02 2.1470e+00
2.6300e-02 0.0000e+00
2.6500e-02 7.1565e-01
2.6700e-02 2.8626e+00
2.6900e-02 7.1565e-01
2.7100e-02 2.1470e+00
2.7300e-02 1.4313e+00
2.7500e-02 1.4313e+00
2.7700e-02 2.1470e+00
2.7900e-02 0.0000e+00
2.8100e-02 0.0000e+00
2.8300e-02 2.8626e+00
2.8500e-02 2.1470e+00
2.8700e-02 1.4313e+00
2.8900e-02 1.4313e+00
2.9100e-02 1.4313e+00
2.9300e-02 2.1470e+00
2.9500e-02 2.1470e+00
2.9700e-02 0.0000e+00
2.9900e-02 7.1565e-01
3.0100e-02 7.1565e-01
3.0300e-02 2.1470e+00
3.0500e-02 0.0000e+00
3.0700e-02 7.1565e-01
3.0900e-02 7.1565e-01
3.1100e-02 0.0000e+00
3.1300e-02 1.4313e+00
3.1500e-02 0.0000e+00
3.1700e-02 0.0000e+00
3.1900e-02 7.1565e-01
3.2100e-02 2.1470e+00
3.2300e-02 1.4313e+00
3.2500e-02 7.1565e-01
3.2700e-02 7.1565e-01
3.2900e-02 0.0000e+00
3.3100e-02 0.0000e+00
3.3300e-02 2.1470e+00
3.3500e-02 0.0000e+00
3.3700e-02 1.4313e+00
3.3900e-02 0.0000e+00
3.4100e-02 7.1565e-01
3.4300e-02 0.0000e+00
3.4500e-02 0.0000e+00
3.4700e-02 0.0000e+00
3.4900e-02 0.0000e+00
3.5100e-02 2.8626e+00
3.5300e-02 7.1565e-01
3.5500e-02 0.0000e+00
3.5700e-02 7.1565e-01
3.5900e-02 0.0000e+00
3.6100e-02 0.0000e+00
3.6300e-02 0.0000e+00
3.6500e-02 0.0000e+00
3.6700e-02 0.0000e+00
3.6900e-02 7.1565e-01
3.7100e-02 7.1565e-01
3.7300e-02 0.0000e+00
3.7500e-02 0.0000e+00
3.7700e-02 7.1565e-01
3.7900e-02 0.0000e+00
3.8100e-02 0.0000e+00
3.8300e-02 0.0000e+00
3.8500e-02 0.0000e+00
3.8700e-02 0.0000e+00
3.8900e-02 1.4313e+00
3.9100e-02 7.1565e-01
3.9300e-02 0.0000e+00
3.9500e-02 0.0000e+00
3.9700e-02 0.0000e+00
3.9900e-02 7.1565e-01
4.0100e-02 0.0000e+00
4.0300e-02 0.0000e+00
4.0500e-02 0.0000e+00
4.0700e-02 0.0000e+00
4.0900e-02 0.0000e+00
4.1100e-02 0.0000e+00
4.1300e-02 0.0000e+00
4.1500e-02 1.4313e+00
4.1700e-02 7.1565e-01
4.1900e-02 0.0000e+00
4.2100e-02 0.0000e+00
4.2300e-02 0.0000e+00
4.2500e-02 7.1565e-01
4.2700e-02 7.1565e-01
4.2900e-02 0.0000e+00
4.3100e-02 7.1565e-01
4.3300e-02 0.0000e+00
4.3500e-02 0.0000e+00
4.3700e-02 0.0000e+00
4.3900e-02 0.0000e+00
4.4100e-02 7.1565e-01
4.4300e-02 0.0000e+00
4.4500e-02 0.0000e+00
4.4700e-02 1.4313e+00
4.4900e-02 0.0000e+00
4.5100e-02 0.0000e+00
4.5300e-02 7.1565e-01
4.5500e-02 0.0000e+00
4.5700e-02 0.0000e+00
4.5900e-02 0.0000e+00
4.6100e-02 0.0000e+00
4.6300e-02 0.0000e+00
4.6500e-02 0.0000e+00
4.6700e-02 0.0000e+00
4.6900e-02 0.0000e+00
4.7100e-02 0.0000e+00
4.7300e-02 0.0000e+00
4.7500e-02 0.0000e+00
4.7700e-02 0.0000e+00
4.7900e-02 0.0000e+00
4.8100e-02 0.0000e+00
4.8300e-02 0.0000e+00
4.8500e-02 7.1565e-01
4.8700e-02 0.0000e+00
4.8900e-02 0.0000e+00
4.9100e-02 0.0000e+00
4.9300e-02 7.1565e-01
4.9500e-02 0.0000e+00
4.9700e-02 0.0000e+00
4.9900e-02 0.0000e+00
5.0100e-02 1.4313e+00
5.0300e-02 0.0000e+00
5.0500e-02 0.0000e+00
5.0700e-02 0.0000e+00
5.0900e-02 7.1565e-01
5.1100e-02 0.0000e+00
5.1300e-02 0.0000e+00
5.1500e-02 7.1565e-01
5.1700e-02 7.1565e-01
5.1900e-02 0.0000e+00
5.2100e-02 0.0000e+00
5.2300e-02 0.0000e+00
5.2500e-02 7.1565e-01
5.2700e-02 0.0000e+00
5.2900e-02 0.0000e+00
5.3100e-02 0.0000e+00
5.3300e-02 0.0000e+00
5.3500e-02 0.0000e+00
5.3700e-02 7.1565e-01
5.3900e-02 0.0000e+00
5.4100e-02 0.0000e+00
5.4300e-02 0.0000e+00
5.4500e-02 0.0000e+00
5.4700e-02 0.0000e+00
5.4900e-02 0.0000e+00
5.5100e-02 0.0000e+00
5.5300e-02 0.0000e+00
5.5500e-02 0.0000e+00
5.5700e-02 0.0000e+00
5.5900e-02 0.0000e+00
5.6100e-02 0.0000e+00
5.6300e-02 0.0000e+00
5.6500e-02 0.0000e+00
5.6700e-02 0.0000e+00
5.6900e-02 0.0000e+00
5.7100e-02 0.0000e+00
5.7300e-02 0.0000e+00
5.7500e-02 7.1565e-01
5.7700e-02 0.0000e+00
5.7900e-02 7.1565e-01
5.8100e-02 0.0000e+00
5.8300e-02 0.0000e+00
5.8500e-02 0.0000e+00
5.8700e-02 0.0000e+00
5.8900e-02 0.0000e+00
5.9100e-02 0.0000e+00
5.9300e-02 0.0000e+00
5.9500e-02 7.1565e-01
5.9700e-02 0.0000e+00
5.9900e-02 0.0000e+00
6.0100e-02 0.0000e+00
6.0300e-02 0.0000e+00
6.0500e-02 7.1565e-01
6.0700e-02 0.0000e+00
6.0900e-02 7.1565e-01
6.1100e-02 0.0000e+00
6.1300e-02 7.1565e-01
6.1500e-02 0.0000e+00
6.1700e-02 0.0000e+00
6.1900e-02 0.0000e+00
6.2100e-02 0.0000e+00
6.2300e-02 0.0000e+00
6.2500e-02 0.0000e+00
6.2700e-02 0.0000e+00
6.2900e-02 0.0000e+00
6.3100e-02 0.0000e+00
6.3300e-02 0.0000e+00
6.3500e-02 0.0000e+00
6.3700e-02 0.0000e+00
6.3900e-02 0.0000e+00
6.4100e-02 0.0000e+00
6.4300e-02 0.0000e+00
6.4500e-02 0.0000e+00
6.4700e-02 0.0000e+00
6.4900e-02 0.0000e+00
6.5100e-02 0.0000e+00
6.5300e-02 0.0000e+00
6.5500e-02 0.0000e+00
6.5700e-02 0.0000e+00
6.5900e-02 0.0000e+00
6.6100e-02 0.0000e+00
6.6300e-02 0.0000e+00
6.6500e-02 7.1565e-01
6.6700e-02 0.0000e+00
6.6900e-02 0.0000e+00
6.7100e-02 0.0000e+00
6.7300e-02 0.0000e+00
6.7500e-02 0.0000e+00
6.7700e-02 0.0000e+00
6.7900e-02 0.0000e+00
6.8100e-02 0.0000e+00
6.8300e-02 7.1565e-01
6.8500e-02 0.0000e+00
6.8700e-02 0.0000e+00
6.8900e-02 0.0000e+00
6.9100e-02 0.0000e+00
6.9300e-02 0.0000e+00
6.9500e-02 0.0000e+00
6.9700e-02 0.0000e+00
6.9900e-02 0.0000e+00
7.0100e-02 7.1565e-01
7.0300e-02 0.0000e+00
7.0500e-02 0.0000e+00
7.0700e-02 0.0000e+00
7.0900e-02 0.0000e+00
7.1100e-02 0.0000e+00
7.1300e-02 0.0000e+00
7.1500e-02 0.0000e+00
7.1700e-02 0.0000e+00
7.1900e-02 0.0000e+00
7.2100e-02 0.0000e+00
7.2300e-02 0.0000e+00
7.2500e-02 0.0000e+00
7.2700e-02 0.0000e+00
7.2900e-02 0.0000e+00
7.3100e-02 0.0000e+00
7.3300e-02 7.1565e-01
7.3500e-02 0.0000e+00
7.3700e-02 0.0000e+00
7.3900e-02 0.0000e+00
7.4100e-02 0.0000e+00
7.4300e-02 0.0000e+00
7.4500e-02 0.0000e+00
7.4700e-02 0.0000e+00
7.4900e-02 0.0000e+00
7.5100e-02 0.0000e+00
7.5300e-02 7.1565e-01
7.5500e-02 0.0000e+00
7.5700e-02 0.0000e+00
7.5900e-02 0.0000e+00
7.6100e-02 0.0000e+00
7.6300e-02 0.0000e+00
7.6500e-02 0.0000e+00
7.6700e-02 0.0000e+00
7.6900e-02 0.0000e+00
7.7100e-02 0.0000e+00
7.7300e-02 0.0000e+00
7.7500e-02 0.0000e+00
7.7700e-02 0.0000e+00
7.7900e-02 0.0000e+00
7.8100e-02 0.0000e+00
7.8300e-02 7.1565e-01
7.8500e-02 0.0000e+00
7.8700e-02 0.0000e+00
7.8900e-02 0.0000e+00
7.9100e-02 0.0000e+00
7.9300e-02 0.0000e+00
7.9500e-02 0.0000e+00
7.9700e-02 0.0000e+00
7.9900e-02 0.0000e+00
8.0100e-02 0.0000e+00
8.0300e-02 0.0000e+00
8.0500e-02 0.0000e+00
8.0700e-02 0.0000e+00
8.0900e-02 0.0000e+00
8.1100e-02 0.0000e+00
8.1300e-02 0.0000e+00
8.1500e-02 0.0000e+00
8.1700e-02 0.0000e+00
8.1900e-02 0.0000e+00
8.2100e-02 0.0000e+00
8.2300e-02 0.0000e+00
8.2500e-02 0.0000e+00
8.2700e-02 0.0000e+00
8.2900e-02 0.0000e+00
8.3100e-02 0.0000e+00
8.3300e-02 0.0000e+00
8.3500e-02 0.0000e+00
8.3700e-02 0.0000e+00
8.3900e-02 0.0000e+00
8.4100e-02 0.0000e+00
8.4300e-02 0.0000e+00
8.4500e-02 0.0000e+00
8.4700e-02 0.0000e+00
8.4900e-02 0.0000e+00
8.5100e-02 0.0000e+00
8.5300e-02 0.0000e+00
8.5500e-02 0.0000e+00
8.5700e-02 0.0000e+00
8.5900e-02 0.0000e+00
8.6100e-02 0.0000e+00
8.6300e-02 0.0000e+00
8.6500e-02 0.0000e+00
8.6700e-02 0.0000e+00
8.6900e-02 0.0000e+00
8.7100e-02 0.0000e+00
8.7300e-02 0.0000e+00
8.7500e-02 0.0000e+00
8.7700e-02 0.0000e+00
8.7900e-02 7.1565e-01
8.8100e-02 0.0000e+00
8.8300e-02 0.0000e+00
8.8500e-02 0.0000e+00
8.8700e-02 0.0000e+00
8.8900e-02 0.0000e+00
8.9100e-02 0.0000e+00
8.9300e-02 0.0000e+00
8.9500e-02 0.0000e+00
8.9700e-02 0.0000e+00
8.9900e-02 0.0000e+00
9.0100e-02 0.0000e+00
9.0300e-02 0.0000e+00
9.0500e-02 0.0000e+00
9.0700e-02 0.0000e+00
9.0900e-02 0.0000e+00
9.1100e-02 0.0000e+00
9.1300e-02 0.0000e+00
9.1500e-02 0.0000e+00
9.1700e-02 0.0000e+00
9.1900e-02 0.0000e+00
9.2100e-02 0.0000e+00
9.2300e-02 0.0000e+00
9.2500e-02 0.0000e+00
9.2700e-02 0.0000e+00
9.2900e-02 0.0000e+00
9.3100e-02 0.0000e+00
9.3300e-02 7.1565e-01
9.3500e-02 0.0000e+00
9.3700e-02 0.0000e+00
9.3900e-02 0.0000e+00
9.4100e-02 0.0000e+00
9.4300e-02 0.0000e+00
9.4500e-02 0.0000e+00
9.4700e-02 0.0000e+00
9.4900e-02 0.0000e+00
9.5100e-02 0.0000e+00
9.5300e-02 0.0000e+00
9.5500e-02 0.0000e+00
9.5700e-02 0.0000e+00
9.5900e-02 0.0000e+00
9.6100e-02 0.0000e+00
9.6300e-02 0.0000e+00
9.6500e-02 0.0000e+00
9.6700e-02 0.0000e+00
9.6900e-02 0.0000e+00
9.7100e-02 0.0000e+00
9.7300e-02 0.0000e+00
9.7500e-02 0.0000e+00
9.7700e-02 0.0000e+00
9.7900e-02 0.0000e+00
9.8100e-02 0.0000e+00
9.8300e-02 0.0000e+00
9.8500e-02 0.0000e+00
9.8700e-02 0.0000e+00
9.8900e-02 0.0000e+00
9.9100e-02 0.0000e+00
9.9300e-02 0.0000e+00
9.9500e-02 0.0000e+00
9.9700e-02 0.0000e+00
