1.00000e-05 inf
1.21648e-05 inf
1.47983e-05 inf
1.80019e-05 inf
2.18991e-05 inf
2.66399e-05 inf
3.24070e-05 inf
3.94225e-05 inf
4.79569e-05 inf
5.83388e-05 inf
7.09682e-05 2.99221e-17
8.63317e-05 4.16251e-19
1.05021e-04 4.92638e-20
1.27756e-04 1.09517e-20
1.55414e-04 3.14271e-21
1.89058e-04 1.07012e-21
2.29986e-04 4.16169e-22
2.79775e-04 1.71870e-22
3.40341e-04 7.54257e-23
4.14020e-04 3.51071e-23
5.03649e-04 1.65142e-23
6.12680e-04 7.75797e-24
7.45316e-04 3.79577e-24
9.06665e-04 1.69296e-24
1.10294e-03 7.72327e-25
1.34171e-03 3.42186e-25
1.63217e-03 1.47142e-25
1.98551e-03 6.01084e-26
2.41534e-03 2.40791e-26
2.93823e-03 9.74695e-27
3.57430e-03 3.95666e-27
4.34808e-03 1.47130e-27
5.28937e-03 5.72895e-28
6.43444e-03 2.21264e-28
7.82739e-03 8.62696e-29
9.52190e-03 3.32118e-29
1.15832e-02 1.30378e-29
1.40908e-02 5.45279e-30
1.71413e-02 2.51197e-30
2.08521e-02 1.20674e-30
2.53662e-02 6.39529e-31
3.08576e-02 3.55308e-31
3.75377e-02 1.69860e-31
4.56641e-02 6.32521e-32
5.55496e-02 1.97800e-32
6.75752e-02 7.85066e-33
8.22041e-02 4.86050e-33
1.00000e-01 3.31536e-33
1.23285e-01 2.01063e-33
1.51991e-01 1.67315e-33
1.87382e-01 1.27196e-33
2.31013e-01 1.29932e-33
2.84804e-01 1.27234e-33
3.51119e-01 1.32205e-33
4.32876e-01 1.38110e-33
5.33670e-01 1.45411e-33
6.57933e-01 1.50262e-33
8.11131e-01 1.54242e-33
1.00000e+00 1.56038e-33
