1.00000e-03 inf
1.21819e-03 inf
1.48398e-03 1.45388e-32
1.80777e-03 1.59015e-34
2.20220e-03 2.16449e-35
2.68270e-03 7.22664e-36
3.26803e-03 3.47937e-36
3.98107e-03 1.99346e-36
4.84969e-03 1.35397e-36
5.90784e-03 1.12686e-36
7.19686e-03 1.00818e-36
8.76712e-03 9.86718e-37
1.06800e-02 9.64385e-37
1.30103e-02 1.04166e-36
1.58489e-02 1.14299e-36
1.93070e-02 1.21964e-36
2.35195e-02 1.40370e-36
2.86512e-02 1.60125e-36
3.49025e-02 1.86488e-36
4.25179e-02 2.07902e-36
5.17947e-02 2.52675e-36
6.30957e-02 2.92717e-36
7.68625e-02 3.60380e-36
9.36329e-02 4.30600e-36
1.14062e-01 5.20399e-36
1.38950e-01 6.07138e-36
1.69267e-01 7.51703e-36
2.06199e-01 8.96564e-36
2.51189e-01 1.06202e-35
3.05995e-01 1.32846e-35
3.72759e-01 1.60320e-35
4.54091e-01 1.90485e-35
5.53168e-01 2.36636e-35
6.73863e-01 2.87463e-35
8.20891e-01 3.47646e-35
1.00000e+00 4.31176e-35
