1.00000e-01 inf
1.21819e-01 inf
1.48398e-01 inf
1.80777e-01 inf
2.20220e-01 inf
2.68270e-01 inf
3.26803e-01 inf
3.98107e-01 8.21491e-38
4.84969e-01 5.21420e-39
5.90784e-01 9.11889e-40
7.19686e-01 2.48475e-40
8.76712e-01 9.69914e-41
1.06800e+00 5.16536e-41
1.30103e+00 2.37577e-41
1.58489e+00 1.33535e-41
1.93070e+00 5.77022e-42
2.35195e+00 3.23256e-42
2.86512e+00 2.01594e-42
3.49025e+00 1.37500e-42
4.25179e+00 9.97625e-43
5.17947e+00 7.64989e-43
6.30957e+00 6.10852e-43
7.68625e+00 5.05415e-43
9.36329e+00 4.28233e-43
1.14062e+01 3.71795e-43
1.38950e+01 3.29973e-43
1.69267e+01 2.99070e-43
2.06199e+01 2.77275e-43
2.51189e+01 2.62773e-43
3.05995e+01 2.55289e-43
3.72759e+01 2.54205e-43
4.54091e+01 2.59349e-43
5.53168e+01 2.71575e-43
6.73863e+01 2.91513e-43
8.20891e+01 3.20254e-43
1.00000e+02 3.59099e-43
